#TELESCOP= 'HST'                  / Observatory name.
#INSTRUME= 'STIS'                 / Instrument name.
#EXPTIME = 53318                  / Effective exposure time (sec).
#RADESYS = 'ICRS'                 / Astrometric reference system.
#RA_TARG = 76.377596              / Right ascension of object (deg).
#DEC_TARG= 52.830846              / Declination of object (deg).
#DATE-OBS= '1998-12-17T08:17:19'  / Time at start of first obs used in coadd.
#EXPSTART= 51164.345              / Start of first obs used in coadd (MJD).
#EXPEND  = 55166.379              / End of last obs used in coadd (MJD).
#WAVEMIN = 1160.00                / Minimum wavelength in spectrum.
#WAVEMAX = 1685.00                / Maximum wavelength in spectrum.
#TARGNAME= 'G191-B2B'             / Target name.
#EQUINOX = 2000.                  / Equinox of the coordinates.
#HLSPLEAD= 'Simon Preval'         / HLSP Lead.
#CITATION= 'Preval, et al. 2013, MNRAS, 436:659' / Reference for HLSP methodology.
#PR_INV_L= 'Preval'               / PI Last Name.
#PR_INV_F= 'Simon '               / PI First Name.
#AIRORVAC= 'VAC'		  / Wavelengths in AIR or VACUUM?
#BITPIX  = 8                      / 8-bit bytes.
#NAXIS   = 2                      / 2-dimensional table.
#NAXIS1  = 46                     / Width of table in bytes.
#NAXIS2  = 1155                   / Number of rows in table.
#PCOUNT  = 0                      / Size of spectral data area.
#GCOUNT  = 1                      / One data group (required keyword).
#TFIELDS = 12                     / Number of fields in each row.
#TTYPE1  = 'WAVEOBS'              / Observed wavelength.
#TFORM1  = '1E'
#TUNIT1  = 'ANGSTROM'             / Units Angstrom.                         
#TTYPE2  = 'WOBSUNC'              / Observed wavelength uncertainty.
#TFORM2  = '1E'
#TUNIT2  = 'MANGSTROM'            / Units Milliangstrom.                      
#TTYPE3  = 'EQWIDTH'              / Equivalent width.
#TFORM3  = '1E'
#TUNIT3  = 'MANGSTROM'            / Units Milliangstrom.
#TTYPE4  = 'EQWUNC'               / Equivalent width uncertainty.
#TFORM4  = '1E'
#TUNIT4  = 'MANGSTROM'            / Units Milliangstrom.
#TTYPE5  = 'METAL'                / Name of metal.
#TFORM5  = '2A'
#TTYPE6  = 'ION'                  / Ionisation stage of the metal.
#TFORM6  = '4A'
#TTYPE7  = 'WAVEREST'             / Rest/Laboratory wavelength.
#TFORM7  = '1E'
#TUNIT7  = 'ANGSTROM'             / Units Angstrom.
#TTYPE8  = 'WRESTUNC'             / Rest/Laboratory wavelength uncertainty.
#TFORM8  = '1E'
#TUNIT8  = 'MANGSTROM'            / Units Milliangstrom.
#TTYPE9  = 'VELOCITY'             / Absorber velocity.
#TFORM9  = '1E'
#TUNIT9  = 'KMS-1'                / Units Kilometres per second.
#TTYPE10 = 'VUNSTAT'              / Absorber velocity uncertainty using column 2.
#TFORM10 = '1E'
#TUNIT10 = 'KMS-1'                / Units Kilometres per second.
#TTYPE11 = 'VUNTOTAL'             / Absorber velocity uncertainty adding columns 2 and 8 in quadrature.
#TFORM11 = '1E'
#TUNIT11 = 'KMS-1'                / Units Kilometres per second.
#TTYPE12 = 'ORIGIN'               / Origin of absorption feature. PHOT=Photosphere, ISM1=Local Interstellar Cloud, ISM2=Hyades Cloud.
#TFORM12 = '4A'
#END
1164.962 2.515 3.770 1.082 "Ni" "V" 1164.889 12.000 18.71 0.65 3.16 "PHOT"
1165.407 2.443 5.922 1.503 "N" "III" 1165.300 86.000 27.45 0.63 22.13 "PHOT"
1165.407 2.443 5.922 1.503 "Ni" "VI" 1165.304 12.000 26.42 0.63 3.15 "PHOT"
1171.204 2.250 3.178 0.572 "N" "III" 1171.107 12.000 24.71 0.58 3.13 "PHOT"
1171.204 2.250 3.178 0.572 "Ni" "V" 1171.121 12.000 21.12 0.58 3.13 "PHOT"
1172.428 2.647 5.392 1.393 "P" "IV" 1172.327 1.200 25.87 0.68 0.74 "PHOT"
1172.428 2.647 5.392 1.393 "N" "IV" 1172.343 12.000 21.77 0.68 3.14 "PHOT"
1173.306 2.001 3.653 0.939 "Ni" "V" 1173.199 12.000 27.34 0.51 3.11 "PHOT"
1174.279 2.411 3.304 0.868 "Ni" "V" 1174.198 12.000 20.65 0.62 3.13 "PHOT"
1175.024 1.006 24.663 1.397 "Fe" "IV" 1174.920 8.700 26.45 0.26 2.23 "PHOT"
1175.024 1.006 24.663 1.397 "Fe" "IV" 1174.932 8.700 23.38 0.26 2.23 "PHOT"
1175.024 1.006 24.663 1.397 "C" "III" 1174.933 1.200 23.13 0.26 0.40 "PHOT"
1175.358 1.194 25.765 1.024 "C" "III" 1175.263 1.200 24.19 0.30 0.43 "PHOT"
1175.358 1.194 25.765 1.024 "Fe" "IV" 1175.274 1.200 21.38 0.30 0.43 "PHOT"
1175.679 1.459 13.296 1.434 "Fe" "V" 1175.574 11.000 26.84 0.37 2.83 "PHOT"
1175.679 1.459 13.296 1.434 "C" "III" 1175.590 1.200 22.76 0.37 0.48 "PHOT"
1175.802 0.674 38.121 1.513 "Ni" "IV" 1175.704 12.000 25.04 0.17 3.06 "PHOT"
1175.802 0.674 38.121 1.513 "C" "III" 1175.711 1.200 23.26 0.17 0.35 "PHOT"
1176.083 1.381 17.245 1.475 "C" "III" 1175.987 1.200 24.53 0.35 0.47 "PHOT"
1176.204 2.330 3.926 1.073 "C" "III" 1176.100 87.000 26.53 0.59 22.18 "PHOT"
1176.461 1.131 20.814 1.340 "C" "III" 1176.370 1.200 23.21 0.29 0.42 "PHOT"
1176.719 3.197 1.769 0.489 "N" "IV" 1176.650 88.000 17.52 0.81 22.44 "PHOT"
1176.959 1.526 2.556 0.690 "Ni" "V" 1176.864 12.000 24.15 0.39 3.08 "PHOT"
1177.063 1.775 6.138 0.952 "N" "III" 1176.962 12.000 25.77 0.45 3.09 "PHOT"
1177.063 1.775 6.138 0.952 "Ni" "VI" 1176.966 12.000 24.75 0.45 3.09 "PHOT"
1177.063 1.775 6.138 0.952 "Al" "V" 1176.970 88.000 23.73 0.45 22.42 "PHOT"
1177.063 1.775 6.138 0.952 "Fe" "IV" 1176.973 1.200 22.96 0.45 0.55 "PHOT"
1177.161 3.706 5.939 1.254 "N" "IV" 1177.047 12.000 28.98 0.94 3.20 "PHOT"
1177.161 3.706 5.939 1.254 "Ni" "VI" 1177.055 12.000 26.94 0.94 3.20 "PHOT"
1179.018 1.835 8.041 1.270 "Ni" "V" 1178.919 12.000 25.28 0.47 3.09 "PHOT"
1179.018 1.835 8.041 1.270 "Ni" "V" 1178.935 12.000 21.21 0.47 3.09 "PHOT"
1180.089 1.594 4.134 0.796 "Al" "III" 1180.000 8800.000 22.70 0.40 2235.74 "PHOT"
1180.089 1.594 4.134 0.796 "Fe" "IV" 1180.005 1.200 21.43 0.40 0.51 "PHOT"
1180.089 1.594 4.134 0.796 "Ni" "V" 1180.005 12.000 21.43 0.40 3.08 "PHOT"
1180.089 1.594 4.134 0.796 "Ge" "IV" 1180.010 88.000 20.16 0.40 22.36 "PHOT"
1180.089 1.594 4.134 0.796 "O" "IV" 1180.010 88.000 20.16 0.40 22.36 "PHOT"
1180.755 3.324 7.377 0.785 "O" "IV" 1180.660 88.000 24.21 0.84 22.36 "PHOT"
1182.090 1.098 8.729 1.031 "Ni" "V" 1182.001 12.000 22.57 0.28 3.06 "PHOT"
1183.450 2.487 4.135 0.891 "S" "IV" 1183.352 12.000 24.95 0.63 3.10 "PHOT"
1183.450 2.487 4.135 0.891 "Ni" "IV" 1183.365 12.000 21.66 0.63 3.10 "PHOT"
1186.041 2.109 2.996 0.881 "Ni" "V" 1185.950 13.000 23.08 0.53 3.33 "PHOT"
1186.681 1.331 3.486 0.669 "Fe" "VI" 1186.575 13.000 26.78 0.34 3.30 "PHOT"
1187.722 3.660 1.460 0.443 "O" "IV" 1187.640 89.000 20.60 0.92 22.48 "PHOT"
1187.790 1.314 2.614 0.560 "Ge" "IV" 1187.681 13.000 27.57 0.33 3.30 "PHOT"
1188.145 3.796 4.577 0.650 "N" "IV" 1188.040 89.000 26.58 0.96 22.48 "PHOT"
1189.116 0.336 24.242 0.840 "Ge" "IV" 1189.028 13.000 22.06 0.08 3.28 "PHOT"
1189.645 1.261 7.021 0.604 "Fe" "VI" 1189.546 13.000 25.01 0.32 3.29 "PHOT"
1189.645 1.261 7.021 0.604 "S" "IV" 1189.550 13.000 24.00 0.32 3.29 "PHOT"
1189.645 1.261 7.021 0.604 "Ni" "V" 1189.561 13.000 21.23 0.32 3.29 "PHOT"
1190.234 1.090 3.444 0.349 "S" "III" 1190.191 0.000 10.75 0.27 0.27 "PHOT"
1190.495 0.258 20.080 0.614 "N" "III" 1190.390 130.000 26.46 0.06 32.74 "PHOT"
1190.495 0.258 20.080 0.614 "Ni" "VI" 1190.391 0.000 26.20 0.06 0.06 "PHOT"
1190.495 0.258 20.080 0.614 "Ni" "VI" 1190.397 13.000 24.69 0.06 3.27 "PHOT"
1190.495 0.258 20.080 0.614 "Si" "II" 1190.416 0.890 19.91 0.06 0.23 "ISM1"
1190.452 0.201 36.561 0.715 "Si" "II" 1190.416 0.890 9.00 0.05 0.23 "ISM2"
1192.093 0.908 12.226 0.973 "S" "IV" 1191.993 13.000 25.05 0.23 3.28 "PHOT"
1192.093 0.908 12.226 0.973 "O" "III" 1191.995 1.300 24.55 0.23 0.40 "PHOT"
1192.093 0.908 12.226 0.973 "Al" "III" 1192.000 9000.000 23.29 0.23 2263.53 "PHOT"
1193.166 4.299 4.688 1.178 "Ni" "V" 1193.074 13.000 23.23 1.08 3.44 "PHOT"
1193.368 0.261 26.489 0.717 "Si" "II" 1193.290 0.900 19.68 0.07 0.24 "ISM1"
1193.326 0.240 46.455 0.819 "Si" "II" 1193.290 0.900 8.92 0.06 0.23 "ISM2"
1193.676 2.021 2.117 0.583 "O" "V" 1193.550 90.000 31.75 0.51 22.61 "PHOT"
1194.252 0.998 7.362 0.676 "P" "V" 1194.157 9.000 23.90 0.25 2.27 "PHOT"
1196.330 2.776 4.129 0.630 "Fe" "V" 1196.248 12.000 20.66 0.70 3.09 "PHOT"
1197.379 1.895 2.430 0.585 "Ni" "V" 1197.276 0.000 25.70 0.47 0.47 "PHOT"
1199.628 0.242 38.412 0.806 "N" "I" 1199.550 0.130 19.55 0.06 0.07 "ISM1"
1199.581 0.519 19.234 0.895 "N" "I" 1199.550 0.130 7.79 0.13 0.13 "ISM2"
1200.120 0.822 1.657 0.380 "S" "VI" 1200.024 13.000 23.94 0.21 3.25 "PHOT"
1200.301 0.210 32.728 0.655 "N" "I" 1200.223 0.130 19.55 0.05 0.06 "ISM1"
1200.256 0.521 14.198 0.719 "N" "I" 1200.223 0.130 8.20 0.13 0.13 "ISM2"
1200.604 0.681 2.724 0.382 "Al" "V" 1200.515 13.000 22.29 0.17 3.25 "PHOT"
1200.604 0.681 2.724 0.382 "Ni" "VI" 1200.521 13.000 20.79 0.17 3.25 "PHOT"
1200.788 0.244 19.598 0.596 "N" "I" 1200.710 0.130 19.44 0.06 0.07 "ISM1"
1200.749 1.203 5.142 0.722 "N" "I" 1200.710 0.130 9.65 0.30 0.30 "ISM2"
1201.386 1.594 2.419 0.355 "Ni" "IV" 1201.298 13.000 21.93 0.40 3.27 "PHOT"
1201.897 2.804 4.449 0.564 "Ni" "IV" 1201.808 13.000 22.32 0.70 3.32 "PHOT"
1202.037 1.340 5.364 0.786 "Ni" "VI" 1201.956 13.000 20.16 0.33 3.26 "PHOT"
1202.518 1.502 3.397 0.685 "Ni" "V" 1202.413 13.000 26.08 0.37 3.26 "PHOT"
1202.518 1.502 3.397 0.685 "Ni" "V" 1202.432 13.000 21.35 0.37 3.26 "PHOT"
1202.518 1.502 3.397 0.685 "P" "IV" 1202.433 1.300 21.10 0.37 0.50 "PHOT"
1202.518 1.502 3.397 0.685 "P" "IV" 1202.433 1.300 21.10 0.37 0.50 "PHOT"
1206.130 2.504 3.465 0.823 "Fe" "VI" 1206.041 13.000 22.06 0.62 3.29 "PHOT"
1206.536 0.182 30.020 0.972 "Si" "III" 1206.500 1.300 8.99 0.05 0.33 "ISM2"
1206.593 2.740 14.407 1.590 "Si" "III" 1206.500 1.300 23.19 0.68 0.75 "PHOT"
1215.412 0.463 94.340 1.449 "D" "I" 1215.338 0.000 18.41 0.11 0.11 "ISM1"
1222.198 3.172 1.627 0.520 "Fe" "V" 1222.107 8.400 22.41 0.78 2.20 "PHOT"
1223.270 2.771 3.794 0.518 "O" "III" 1223.165 1.300 25.69 0.68 0.75 "PHOT"
1225.858 2.742 2.453 0.357 "O" "III" 1225.764 1.300 22.93 0.67 0.74 "PHOT"
1225.858 2.742 2.453 0.357 "P" "VI" 1225.767 13.000 22.20 0.67 3.25 "PHOT"
1227.526 3.809 3.069 0.514 "Al" "V" 1227.430 95.000 23.45 0.93 23.22 "PHOT"
1227.637 0.495 8.215 0.533 "Fe" "V" 1227.530 12.000 26.06 0.12 2.93 "PHOT"
1227.637 0.495 8.215 0.533 "S" "IV" 1227.542 13.000 23.13 0.12 3.18 "PHOT"
1227.637 0.495 8.215 0.533 "Fe" "IV" 1227.547 9.500 21.91 0.12 2.32 "PHOT"
1228.707 2.539 2.116 0.503 "Fe" "V" 1228.599 12.000 26.29 0.62 2.99 "PHOT"
1228.707 2.539 2.116 0.503 "N" "IV" 1228.604 13.000 25.07 0.62 3.23 "PHOT"
1228.707 2.539 2.116 0.503 "Fe" "VI" 1228.605 13.000 24.83 0.62 3.23 "PHOT"
1228.707 2.539 2.116 0.503 "O" "IV" 1228.610 130.000 23.61 0.62 31.73 "PHOT"
1228.707 2.539 2.116 0.503 "N" "III" 1228.613 13.000 22.88 0.62 3.23 "PHOT"
1229.503 2.121 4.118 0.369 "S" "IV" 1229.409 13.000 22.85 0.52 3.21 "PHOT"
1229.940 0.233 16.594 0.452 "Ge" "IV" 1229.840 13.000 24.33 0.06 3.17 "PHOT"
1230.039 3.081 1.954 0.411 "Fe" "VI" 1229.947 13.000 22.41 0.75 3.26 "PHOT"
1230.544 1.973 1.633 0.515 "Ni" "V" 1230.435 13.000 26.50 0.48 3.20 "PHOT"
1230.544 1.973 1.633 0.515 "N" "IV" 1230.445 13.000 24.06 0.48 3.20 "PHOT"
1230.544 1.973 1.633 0.515 "Fe" "IV" 1230.454 1.300 21.87 0.48 0.58 "PHOT"
1231.990 1.969 1.794 0.445 "S" "V" 1231.882 14.000 26.19 0.48 3.44 "PHOT"
1232.622 1.270 2.965 0.435 "Ni" "V" 1232.524 14.000 23.81 0.31 3.42 "PHOT"
1232.904 1.008 3.199 0.413 "Ni" "V" 1232.807 14.000 23.51 0.25 3.41 "PHOT"
1232.904 1.008 3.199 0.413 "Ni" "IV" 1232.818 14.000 20.83 0.25 3.41 "PHOT"
1233.072 2.016 1.827 0.436 "Ni" "V" 1232.964 14.000 26.34 0.49 3.44 "PHOT"
1233.072 2.016 1.827 0.436 "Fe" "V" 1232.970 8.600 24.88 0.49 2.15 "PHOT"
1233.223 3.119 2.364 0.568 "O" "III" 1233.126 1.400 23.68 0.76 0.83 "PHOT"
1233.223 3.119 2.364 0.568 "Fe" "V" 1233.144 12.000 19.30 0.76 3.01 "PHOT"
1233.378 1.933 3.338 0.581 "Ni" "V" 1233.257 14.000 29.48 0.47 3.44 "PHOT"
1233.425 2.016 2.859 0.552 "Ni" "V" 1233.312 14.000 27.44 0.49 3.44 "PHOT"
1233.425 2.016 2.859 0.552 "N" "III" 1233.330 96.000 23.06 0.49 23.34 "PHOT"
1233.423 1.671 1.545 0.411 "S" "I" 1233.345 0.960 18.98 0.41 0.47 "ISM1"
1233.380 1.615 2.099 0.461 "S" "I" 1233.345 0.960 8.51 0.39 0.46 "ISM2"
1234.037 2.314 1.626 0.526 "Fe" "V" 1233.933 12.000 25.16 0.56 2.97 "PHOT"
1234.037 2.314 1.626 0.526 "O" "III" 1233.944 1.400 22.49 0.56 0.66 "PHOT"
1234.190 2.259 2.076 0.565 "Ni" "V" 1234.103 14.000 21.08 0.55 3.44 "PHOT"
1234.493 1.625 3.978 0.402 "Ni" "V" 1234.393 14.000 24.30 0.39 3.42 "PHOT"
1234.493 1.625 3.978 0.402 "Al" "V" 1234.400 140.000 22.60 0.39 34.00 "PHOT"
1234.493 1.625 3.978 0.402 "Si" "III" 1234.406 1.400 21.14 0.39 0.52 "PHOT"
1234.740 1.112 10.362 0.475 "P" "IV" 1234.640 9.700 24.33 0.27 2.37 "PHOT"
1234.740 1.112 10.362 0.475 "Fe" "V" 1234.647 8.600 22.63 0.27 2.11 "PHOT"
1235.937 0.688 5.374 0.423 "Ni" "V" 1235.831 14.000 25.70 0.17 3.40 "PHOT"
1236.375 1.569 2.493 0.427 "Ni" "VI" 1236.270 14.000 25.56 0.38 3.42 "PHOT"
1236.375 1.569 2.493 0.427 "Ni" "V" 1236.276 14.000 24.11 0.38 3.42 "PHOT"
1236.375 1.569 2.493 0.427 "Ni" "V" 1236.277 14.000 23.87 0.38 3.42 "PHOT"
1236.375 1.569 2.493 0.427 "Ni" "V" 1236.290 14.000 20.71 0.38 3.42 "PHOT"
1236.804 2.386 1.826 0.286 "Ni" "V" 1236.702 14.000 24.66 0.58 3.44 "PHOT"
1236.804 2.386 1.826 0.286 "Ni" "V" 1236.710 0.000 22.72 0.58 0.58 "PHOT"
1236.804 2.386 1.826 0.286 "O" "III" 1236.715 1.400 21.50 0.58 0.67 "PHOT"
1236.804 2.386 1.826 0.286 "O" "III" 1236.718 1.400 20.78 0.58 0.67 "PHOT"
1236.804 2.386 1.826 0.286 "S" "IV" 1236.718 14.000 20.78 0.58 3.44 "PHOT"
1238.804 1.049 4.007 0.533 "Ni" "V" 1238.703 14.000 24.40 0.25 3.40 "PHOT"
1238.804 1.049 4.007 0.533 "Ni" "V" 1238.706 14.000 23.67 0.25 3.40 "PHOT"
1238.804 1.049 4.007 0.533 "S" "IV" 1238.717 14.000 21.01 0.25 3.40 "PHOT"
1238.918 0.205 73.019 0.715 "Ni" "IV" 1238.812 14.000 25.58 0.05 3.39 "PHOT"
1238.918 0.205 73.019 0.715 "N" "V" 1238.821 14.000 23.40 0.05 3.39 "PHOT"
1239.659 1.436 2.783 0.272 "Ni" "V" 1239.552 14.000 25.88 0.35 3.40 "PHOT"
1240.510 1.892 1.547 0.386 "Fe" "V" 1240.410 8.700 24.26 0.46 2.15 "PHOT"
1240.510 1.892 1.547 0.386 "N" "III" 1240.419 14.000 22.08 0.46 3.41 "PHOT"
1240.510 1.892 1.547 0.386 "Fe" "IV" 1240.423 9.700 21.12 0.46 2.39 "PHOT"
1240.708 2.973 3.100 0.377 "Al" "V" 1240.600 140.000 26.08 0.72 33.84 "PHOT"
1240.708 2.973 3.100 0.377 "N" "IV" 1240.612 14.000 23.18 0.72 3.46 "PHOT"
1240.969 4.343 3.046 0.511 "Al" "IV" 1240.861 14.000 26.21 1.05 3.54 "PHOT"
1241.149 3.601 2.350 0.701 "Ni" "V" 1241.047 14.000 24.57 0.87 3.49 "PHOT"
1241.149 3.601 2.350 0.701 "Ni" "V" 1241.052 14.000 23.36 0.87 3.49 "PHOT"
1241.434 2.175 1.650 0.506 "Ni" "V" 1241.319 14.000 27.71 0.53 3.42 "PHOT"
1241.535 2.230 2.431 0.586 "Ni" "V" 1241.422 14.000 27.17 0.54 3.42 "PHOT"
1241.535 2.230 2.431 0.586 "O" "IV" 1241.430 98.000 25.24 0.54 23.67 "PHOT"
1241.535 2.230 2.431 0.586 "Fe" "V" 1241.442 8.700 22.34 0.54 2.17 "PHOT"
1241.739 1.147 4.230 0.547 "Ni" "V" 1241.627 14.000 27.05 0.28 3.39 "PHOT"
1241.739 1.147 4.230 0.547 "N" "IV" 1241.644 14.000 22.94 0.28 3.39 "PHOT"
1242.084 1.977 1.959 0.513 "Ni" "V" 1241.972 14.000 27.10 0.48 3.41 "PHOT"
1242.084 1.977 1.959 0.513 "Ni" "VI" 1241.974 14.000 26.62 0.48 3.41 "PHOT"
1242.183 0.923 4.165 0.500 "Ni" "V" 1242.071 14.000 27.06 0.22 3.39 "PHOT"
1242.183 0.923 4.165 0.500 "N" "III" 1242.076 14.000 25.85 0.22 3.39 "PHOT"
1242.183 0.923 4.165 0.500 "Fe" "IV" 1242.089 1.400 22.71 0.22 0.40 "PHOT"
1242.183 0.923 4.165 0.500 "N" "III" 1242.093 14.000 21.75 0.22 3.39 "PHOT"
1242.449 3.050 6.546 0.570 "Fe" "V" 1242.343 12.000 25.53 0.74 2.99 "PHOT"
1242.449 3.050 6.546 0.570 "Fe" "V" 1242.352 12.000 23.36 0.74 2.99 "PHOT"
1242.906 0.175 57.095 0.520 "N" "V" 1242.804 14.000 24.53 0.04 3.38 "PHOT"
1243.327 1.819 2.127 0.412 "O" "IV" 1243.220 140.000 25.80 0.44 33.76 "PHOT"
1243.327 1.819 2.127 0.412 "Fe" "V" 1243.228 8.700 23.87 0.44 2.14 "PHOT"
1243.327 1.819 2.127 0.412 "N" "IV" 1243.232 14.000 22.90 0.44 3.40 "PHOT"
1243.607 2.108 3.031 0.325 "Ni" "V" 1243.504 14.000 24.73 0.51 3.41 "PHOT"
1243.765 2.228 2.962 0.331 "Ni" "V" 1243.662 0.000 24.84 0.54 0.54 "PHOT"
1243.765 2.228 2.962 0.331 "Ni" "VI" 1243.665 14.000 24.12 0.54 3.42 "PHOT"
1244.123 2.024 1.790 0.404 "O" "V" 1244.060 98.000 15.28 0.49 23.62 "PHOT"
1244.287 0.239 16.898 0.392 "Fe" "V" 1244.182 12.000 25.32 0.06 2.89 "PHOT"
1244.888 6.038 3.764 0.609 "Ni" "V" 1244.791 14.000 23.33 1.45 3.67 "PHOT"
1245.063 1.972 4.437 0.435 "Ni" "V" 1244.958 14.000 25.31 0.47 3.40 "PHOT"
1245.063 1.972 4.437 0.435 "Ni" "V" 1244.969 14.000 22.66 0.47 3.40 "PHOT"
1245.166 2.658 3.029 0.422 "O" "IV" 1245.060 98.000 25.55 0.64 23.61 "PHOT"
1245.166 2.658 3.029 0.422 "Ni" "V" 1245.065 14.000 24.35 0.64 3.43 "PHOT"
1245.166 2.658 3.029 0.422 "Ni" "V" 1245.074 14.000 22.18 0.64 3.43 "PHOT"
1245.285 0.978 6.187 0.572 "Ni" "V" 1245.176 14.000 26.18 0.24 3.38 "PHOT"
1245.285 0.978 6.187 0.572 "Ni" "IV" 1245.178 14.000 25.70 0.24 3.38 "PHOT"
1245.285 0.978 6.187 0.572 "O" "IV" 1245.195 14.000 21.61 0.24 3.38 "PHOT"
1245.555 1.481 2.926 0.525 "O" "III" 1245.449 9.800 25.52 0.36 2.39 "PHOT"
1245.555 1.481 2.926 0.525 "O" "IV" 1245.454 14.000 24.32 0.36 3.39 "PHOT"
1246.645 2.594 1.211 0.398 "Ni" "V" 1246.547 14.000 23.61 0.62 3.42 "PHOT"
1246.938 4.085 2.030 0.531 "Ni" "V" 1246.808 14.000 31.21 0.98 3.51 "PHOT"
1246.938 4.085 2.030 0.531 "Ni" "V" 1246.821 14.000 28.09 0.98 3.51 "PHOT"
1247.483 0.915 7.604 0.492 "C" "III" 1247.383 1.400 23.98 0.22 0.40 "PHOT"
1247.483 0.915 7.604 0.492 "N" "IV" 1247.388 14.000 22.77 0.22 3.37 "PHOT"
1247.716 1.355 1.294 0.225 "N" "III" 1247.601 14.000 27.64 0.33 3.38 "PHOT"
1248.140 3.389 1.910 0.323 "Ni" "V" 1248.065 14.000 18.04 0.81 3.46 "PHOT"
1248.598 2.908 1.892 0.606 "Ni" "V" 1248.489 14.000 26.17 0.70 3.43 "PHOT"
1248.598 2.908 1.892 0.606 "Ni" "V" 1248.499 14.000 23.77 0.70 3.43 "PHOT"
1249.633 0.779 6.049 0.515 "Ni" "V" 1249.522 14.000 26.66 0.19 3.36 "PHOT"
1250.152 1.884 3.335 0.552 "Ni" "VI" 1250.039 14.000 27.07 0.45 3.39 "PHOT"
1250.152 1.884 3.335 0.552 "Fe" "IV" 1250.045 1.400 25.63 0.45 0.56 "PHOT"
1250.152 1.884 3.335 0.552 "Ni" "V" 1250.047 14.000 25.15 0.45 3.39 "PHOT"
1250.444 10.664 4.230 1.099 "Ni" "V" 1250.344 14.000 24.05 2.56 4.22 "PHOT"
1250.500 0.339 10.536 0.692 "Ni" "V" 1250.388 14.000 26.94 0.08 3.36 "PHOT"
1250.500 0.339 10.536 0.692 "Ni" "V" 1250.403 14.000 23.34 0.08 3.36 "PHOT"
1250.623 1.736 2.353 0.467 "N" "III" 1250.519 14.000 24.82 0.42 3.38 "PHOT"
1250.662 1.304 2.384 0.407 "Ni" "VI" 1250.572 14.000 21.68 0.31 3.37 "PHOT"
1250.662 1.304 2.384 0.407 "S" "II" 1250.578 0.000 20.24 0.31 0.31 "ISM1"
1250.623 1.736 2.353 0.467 "S" "II" 1250.578 0.000 10.67 0.42 0.42 "ISM2"
1250.831 1.123 3.667 0.408 "Fe" "V" 1250.736 8.800 22.79 0.27 2.13 "PHOT"
1251.133 2.591 2.029 0.287 "Fe" "V" 1251.035 8.900 23.49 0.62 2.22 "PHOT"
1251.133 2.591 2.029 0.287 "Ni" "V" 1251.038 0.000 22.77 0.62 0.62 "PHOT"
1251.936 0.511 7.209 0.430 "Fe" "V" 1251.845 13.000 21.85 0.12 3.12 "PHOT"
1252.270 0.724 6.236 0.526 "Ni" "V" 1252.183 14.000 20.90 0.17 3.36 "PHOT"
1252.380 1.500 2.124 0.470 "Ni" "V" 1252.267 14.000 27.05 0.36 3.37 "PHOT"
1252.380 1.500 2.124 0.470 "Ni" "IV" 1252.271 14.000 26.09 0.36 3.37 "PHOT"
1252.877 0.722 6.653 0.523 "Ni" "V" 1252.765 14.000 26.85 0.17 3.35 "PHOT"
1252.877 0.722 6.653 0.523 "Fe" "VI" 1252.769 14.000 25.89 0.17 3.35 "PHOT"
1253.310 1.910 4.004 0.628 "Ni" "IV" 1253.196 14.000 27.17 0.46 3.38 "PHOT"
1253.310 1.910 4.004 0.628 "Ni" "V" 1253.196 14.000 27.17 0.46 3.38 "PHOT"
1253.310 1.910 4.004 0.628 "Al" "V" 1253.197 14.000 26.93 0.46 3.38 "PHOT"
1253.310 1.910 4.004 0.628 "Ni" "V" 1253.205 0.000 25.01 0.46 0.46 "PHOT"
1253.310 1.910 4.004 0.628 "P" "IV" 1253.218 1.400 21.90 0.46 0.57 "PHOT"
1253.602 1.513 2.120 0.287 "Ni" "V" 1253.489 14.000 26.97 0.36 3.37 "PHOT"
1253.602 1.513 2.120 0.287 "Ni" "V" 1253.511 14.000 21.71 0.36 3.37 "PHOT"
1253.768 0.770 5.269 0.487 "Fe" "VI" 1253.675 14.000 22.25 0.18 3.35 "PHOT"
1253.768 0.770 5.269 0.487 "Fe" "IV" 1253.677 1.400 21.77 0.18 0.38 "PHOT"
1253.846 1.058 2.191 0.407 "Ni" "VI" 1253.739 14.000 25.66 0.25 3.36 "PHOT"
1253.898 0.695 2.766 0.373 "S" "II" 1253.805 0.000 22.16 0.17 0.17 "ISM1"
1253.846 1.058 2.191 0.407 "S" "II" 1253.805 0.000 9.88 0.25 0.25 "ISM2"
1253.898 0.695 2.766 0.373 "Fe" "IV" 1253.808 0.000 21.44 0.17 0.17 "PHOT"
1253.966 1.371 1.907 0.394 "Fe" "V" 1253.870 13.000 22.84 0.33 3.13 "PHOT"
1254.096 0.787 7.398 0.469 "N" "III" 1254.000 100.000 23.02 0.19 23.91 "PHOT"
1254.096 0.787 7.398 0.469 "Ni" "IV" 1254.000 14.000 23.02 0.19 3.35 "PHOT"
1254.096 0.787 7.398 0.469 "Fe" "V" 1254.005 13.000 21.83 0.19 3.11 "PHOT"
1254.300 2.014 1.593 0.394 "Ni" "V" 1254.191 14.000 26.15 0.48 3.38 "PHOT"
1254.300 2.014 1.593 0.394 "O" "III" 1254.195 1.400 25.19 0.48 0.59 "PHOT"
1254.527 1.502 4.777 0.311 "Ni" "V" 1254.417 14.000 26.29 0.36 3.37 "PHOT"
1254.527 1.502 4.777 0.311 "Ni" "V" 1254.419 14.000 25.81 0.36 3.37 "PHOT"
1254.527 1.502 4.777 0.311 "Ni" "V" 1254.422 14.000 25.09 0.36 3.37 "PHOT"
1254.860 3.017 1.200 0.392 "Fe" "V" 1254.752 13.000 25.79 0.72 3.19 "PHOT"
1254.964 2.738 1.262 0.395 "Ni" "V" 1254.864 14.000 23.88 0.65 3.41 "PHOT"
1256.135 1.741 1.540 0.298 "Fe" "IV" 1256.025 1.400 26.24 0.42 0.53 "PHOT"
1256.324 1.956 2.505 0.340 "Ni" "V" 1256.218 14.000 25.25 0.47 3.37 "PHOT"
1257.014 2.383 1.637 0.493 "Ni" "V" 1256.905 14.000 26.05 0.57 3.39 "PHOT"
1257.014 2.383 1.637 0.493 "O" "IV" 1256.910 140.000 24.86 0.57 33.40 "PHOT"
1257.014 2.383 1.637 0.493 "P" "III" 1256.922 1.400 21.99 0.57 0.66 "PHOT"
1257.736 0.379 11.112 0.427 "Al" "IV" 1257.624 14.000 26.72 0.09 3.34 "PHOT"
1257.736 0.379 11.112 0.427 "Ni" "V" 1257.626 14.000 26.24 0.09 3.34 "PHOT"
1258.123 1.576 1.601 0.348 "Fe" "VI" 1258.021 14.000 24.23 0.38 3.36 "PHOT"
1258.900 1.004 4.094 0.261 "Fe" "V" 1258.791 9.000 25.92 0.24 2.16 "PHOT"
1259.232 1.651 1.634 0.357 "N" "III" 1259.130 14.000 24.25 0.39 3.36 "PHOT"
1259.553 0.709 5.075 0.513 "Fe" "V" 1259.457 13.000 22.90 0.17 3.10 "PHOT"
1259.598 0.632 4.534 0.465 "S" "II" 1259.518 0.000 19.16 0.15 0.15 "ISM1"
1259.553 0.709 5.075 0.513 "S" "II" 1259.518 0.000 8.38 0.17 0.17 "ISM2"
1259.686 2.194 2.596 0.570 "Ni" "VI" 1259.582 14.000 24.78 0.52 3.37 "PHOT"
1259.686 2.194 2.596 0.570 "Ni" "V" 1259.587 14.000 23.59 0.52 3.37 "PHOT"
1259.829 1.981 2.511 0.539 "Ni" "V" 1259.722 14.000 25.47 0.47 3.36 "PHOT"
1259.829 1.981 2.511 0.539 "Ni" "VI" 1259.725 14.000 24.76 0.47 3.36 "PHOT"
1259.829 1.981 2.511 0.539 "O" "IV" 1259.730 140.000 23.57 0.47 33.32 "PHOT"
1260.503 0.192 33.714 0.635 "Si" "II" 1260.422 1.000 19.26 0.05 0.24 "ISM1"
1260.457 0.222 56.251 0.714 "Si" "II" 1260.422 1.000 8.34 0.05 0.24 "ISM2"
1261.446 0.812 4.427 0.448 "Ni" "IV" 1261.354 14.000 21.81 0.19 3.33 "PHOT"
1261.545 1.903 2.133 0.436 "Ni" "V" 1261.449 14.000 22.86 0.45 3.36 "PHOT"
1261.861 0.433 7.210 0.374 "Ni" "VI" 1261.756 0.000 24.88 0.10 0.10 "PHOT"
1261.861 0.433 7.210 0.374 "Ni" "V" 1261.760 14.000 23.93 0.10 3.33 "PHOT"
1261.861 0.433 7.210 0.374 "Fe" "V" 1261.761 13.000 23.69 0.10 3.09 "PHOT"
1261.861 0.433 7.210 0.374 "O" "VI" 1261.766 0.000 22.50 0.10 0.10 "PHOT"
1262.652 2.251 1.758 0.415 "Ni" "V" 1262.539 14.000 26.88 0.53 3.37 "PHOT"
1262.652 2.251 1.758 0.415 "Al" "IV" 1262.543 14.000 25.93 0.53 3.37 "PHOT"
1262.652 2.251 1.758 0.415 "Ni" "V" 1262.550 14.000 24.27 0.53 3.37 "PHOT"
1263.449 2.898 1.773 0.551 "Fe" "V" 1263.336 13.000 26.71 0.69 3.16 "PHOT"
1263.449 2.898 1.773 0.551 "Fe" "V" 1263.346 13.000 24.34 0.69 3.16 "PHOT"
1264.535 2.975 1.640 0.347 "S" "IV" 1264.418 14.000 27.70 0.71 3.39 "PHOT"
1264.636 0.323 15.247 0.494 "Ni" "V" 1264.529 14.000 25.37 0.08 3.32 "PHOT"
1265.040 2.508 1.463 0.475 "O" "III" 1264.929 1.400 26.23 0.59 0.68 "PHOT"
1265.040 2.508 1.463 0.475 "Ni" "V" 1264.931 14.000 25.76 0.59 3.37 "PHOT"
1265.040 2.508 1.463 0.475 "Ni" "V" 1264.937 14.000 24.34 0.59 3.37 "PHOT"
1265.040 2.508 1.463 0.475 "Fe" "V" 1264.945 13.000 22.44 0.59 3.14 "PHOT"
1265.771 0.564 5.290 0.374 "N" "IV" 1265.664 14.000 25.26 0.13 3.32 "PHOT"
1265.771 0.564 5.290 0.374 "Ni" "V" 1265.671 14.000 23.60 0.13 3.32 "PHOT"
1265.771 0.564 5.290 0.374 "O" "IV" 1265.677 14.000 22.18 0.13 3.32 "PHOT"
1265.771 0.564 5.290 0.374 "Ni" "VI" 1265.679 14.000 21.70 0.13 3.32 "PHOT"
1265.828 0.652 5.318 0.416 "Ni" "V" 1265.725 14.000 24.47 0.15 3.32 "PHOT"
1265.828 0.652 5.318 0.416 "Ni" "IV" 1265.728 14.000 23.76 0.15 3.32 "PHOT"
1266.198 2.218 3.155 0.308 "Ni" "IV" 1266.094 14.000 24.70 0.53 3.36 "PHOT"
1266.198 2.218 3.155 0.308 "Fe" "VI" 1266.103 14.000 22.57 0.53 3.36 "PHOT"
1266.509 0.379 8.861 0.365 "Ni" "V" 1266.408 14.000 23.94 0.09 3.32 "PHOT"
1266.509 0.379 8.861 0.365 "Fe" "V" 1266.418 13.000 21.57 0.09 3.08 "PHOT"
1266.970 1.475 2.520 0.427 "Fe" "IV" 1266.865 1.400 24.86 0.35 0.48 "PHOT"
1266.970 1.475 2.520 0.427 "Ni" "V" 1266.876 14.000 22.26 0.35 3.33 "PHOT"
1267.404 0.924 6.330 0.617 "Fe" "V" 1267.289 13.000 27.24 0.22 3.08 "PHOT"
1267.404 0.924 6.330 0.617 "Ni" "V" 1267.291 14.000 26.77 0.22 3.32 "PHOT"
1267.404 0.924 6.330 0.617 "Ni" "V" 1267.307 14.000 22.98 0.22 3.32 "PHOT"
1267.913 0.956 5.222 0.542 "Ni" "V" 1267.802 14.000 26.26 0.23 3.32 "PHOT"
1267.980 2.290 1.731 0.501 "Ni" "V" 1267.875 0.000 24.81 0.54 0.54 "PHOT"
1268.985 2.383 1.547 0.477 "Ni" "V" 1268.873 14.000 26.57 0.56 3.36 "PHOT"
1269.486 1.908 1.538 0.374 "Fe" "V" 1269.374 13.000 26.39 0.45 3.10 "PHOT"
1269.486 1.908 1.538 0.374 "Fe" "V" 1269.380 9.100 24.97 0.45 2.20 "PHOT"
1269.486 1.908 1.538 0.374 "Ni" "V" 1269.387 14.000 23.32 0.45 3.34 "PHOT"
1269.486 1.908 1.538 0.374 "S" "V" 1269.392 14.000 22.14 0.45 3.34 "PHOT"
1270.307 2.286 1.153 0.350 "Fe" "IV" 1270.210 1.400 22.81 0.54 0.63 "PHOT"
1270.307 2.286 1.153 0.350 "N" "III" 1270.214 14.000 21.87 0.54 3.35 "PHOT"
1270.307 2.286 1.153 0.350 "O" "III" 1270.231 1.400 17.86 0.54 0.63 "PHOT"
1270.572 2.554 1.723 0.265 "Fe" "V" 1270.472 9.100 23.55 0.60 2.23 "PHOT"
1270.792 0.443 8.569 0.413 "Ni" "V" 1270.677 14.000 27.08 0.10 3.30 "PHOT"
1272.159 1.323 7.075 0.639 "Fe" "VI" 1272.066 14.000 21.84 0.31 3.31 "PHOT"
1272.292 2.914 1.533 0.504 "O" "IV" 1272.210 100.000 19.24 0.69 23.57 "PHOT"
1273.072 0.960 3.303 0.379 "N" "III" 1272.961 14.000 26.11 0.23 3.30 "PHOT"
1273.072 0.960 3.303 0.379 "N" "IV" 1272.963 14.000 25.64 0.23 3.30 "PHOT"
1273.312 0.463 9.232 0.414 "Ni" "V" 1273.204 14.000 25.47 0.11 3.30 "PHOT"
1273.312 0.463 9.232 0.414 "Fe" "IV" 1273.211 1.400 23.83 0.11 0.35 "PHOT"
1273.923 0.821 7.202 0.279 "Ni" "V" 1273.827 14.000 22.65 0.19 3.30 "PHOT"
1274.366 1.255 1.864 0.211 "Ni" "V" 1274.264 14.000 24.06 0.30 3.31 "PHOT"
1274.366 1.255 1.864 0.211 "Fe" "V" 1274.265 13.000 23.82 0.30 3.07 "PHOT"
1276.536 0.798 5.187 0.484 "Ni" "V" 1276.428 15.000 25.29 0.19 3.53 "PHOT"
1276.536 0.798 5.187 0.484 "P" "IV" 1276.441 1.500 22.24 0.19 0.40 "PHOT"
1276.980 2.471 1.508 0.409 "Fe" "VI" 1276.877 15.000 24.14 0.58 3.57 "PHOT"
1277.053 0.311 10.915 0.378 "Ni" "V" 1276.958 15.000 22.31 0.07 3.52 "PHOT"
1277.226 2.086 1.505 0.382 "Fe" "V" 1277.139 13.000 20.53 0.49 3.09 "PHOT"
1278.393 2.199 1.325 0.358 "Fe" "VI" 1278.292 15.000 23.59 0.52 3.56 "PHOT"
1279.434 0.889 4.414 0.476 "O" "IV" 1279.314 15.000 28.13 0.21 3.52 "PHOT"
1279.689 2.151 2.999 0.579 "Fe" "V" 1279.592 9.300 22.62 0.50 2.24 "PHOT"
1279.820 0.660 6.473 0.481 "Ni" "V" 1279.720 15.000 23.47 0.15 3.52 "PHOT"
1280.218 1.386 6.204 0.399 "Ni" "V" 1280.115 15.000 24.16 0.32 3.53 "PHOT"
1280.218 1.386 6.204 0.399 "C" "I" 1280.135 1.500 19.47 0.32 0.48 "PHOT"
1280.571 0.874 5.327 0.502 "Fe" "V" 1280.470 9.300 23.66 0.20 2.19 "PHOT"
1281.475 2.671 2.231 0.462 "Fe" "IV" 1281.364 1.500 26.05 0.62 0.72 "PHOT"
1281.475 2.671 2.231 0.462 "Fe" "V" 1281.368 9.300 25.11 0.62 2.26 "PHOT"
1282.157 1.806 1.258 0.323 "Fe" "V" 1282.060 9.300 22.66 0.42 2.22 "PHOT"
1282.312 1.216 2.967 0.389 "Al" "V" 1282.200 150.000 26.10 0.28 35.07 "PHOT"
1282.312 1.216 2.967 0.389 "Ni" "V" 1282.201 15.000 25.87 0.28 3.52 "PHOT"
1282.312 1.216 2.967 0.389 "N" "III" 1282.210 100.000 23.76 0.28 23.38 "PHOT"
1282.383 0.999 3.440 0.408 "Ni" "V" 1282.270 15.000 26.37 0.23 3.51 "PHOT"
1282.547 2.556 1.541 0.316 "Ni" "IV" 1282.443 15.000 24.40 0.60 3.56 "PHOT"
1282.547 2.556 1.541 0.316 "Fe" "VI" 1282.452 15.000 22.30 0.60 3.56 "PHOT"
1282.547 2.556 1.541 0.316 "O" "III" 1282.458 1.500 20.90 0.60 0.69 "PHOT"
1282.547 2.556 1.541 0.316 "N" "IV" 1282.460 100.000 20.43 0.60 23.38 "PHOT"
1282.840 1.428 2.351 0.453 "Ni" "V" 1282.724 15.000 27.21 0.33 3.52 "PHOT"
1282.840 1.428 2.351 0.453 "O" "IV" 1282.740 150.000 23.47 0.33 35.06 "PHOT"
1282.840 1.428 2.351 0.453 "Ni" "V" 1282.742 15.000 23.00 0.33 3.52 "PHOT"
1283.288 2.397 2.817 0.563 "Ni" "V" 1283.185 15.000 23.96 0.56 3.55 "PHOT"
1283.288 2.397 2.817 0.563 "Ni" "V" 1283.201 15.000 20.22 0.56 3.55 "PHOT"
1284.213 2.046 1.483 0.276 "Fe" "V" 1284.111 9.300 23.90 0.48 2.22 "PHOT"
1284.579 0.983 4.022 0.451 "N" "III" 1284.472 15.000 25.02 0.23 3.51 "PHOT"
1284.579 0.983 4.022 0.451 "Ni" "V" 1284.475 15.000 24.32 0.23 3.51 "PHOT"
1284.667 2.148 1.168 0.375 "Ni" "V" 1284.566 15.000 23.57 0.50 3.54 "PHOT"
1285.464 1.047 3.447 0.366 "Fe" "VI" 1285.362 15.000 23.75 0.24 3.51 "PHOT"
1285.892 1.491 2.271 0.361 "Fe" "V" 1285.787 13.000 24.43 0.35 3.05 "PHOT"
1285.892 1.491 2.271 0.361 "Ni" "V" 1285.793 15.000 23.03 0.35 3.51 "PHOT"
1285.892 1.491 2.271 0.361 "Fe" "IV" 1285.796 1.500 22.33 0.35 0.49 "PHOT"
1286.017 1.823 1.372 0.337 "Fe" "V" 1285.916 9.400 23.62 0.43 2.23 "PHOT"
1286.211 2.081 3.532 0.343 "Ni" "IV" 1286.124 0.000 20.33 0.49 0.49 "PHOT"
1287.141 1.412 5.930 0.657 "Fe" "VI" 1287.028 15.000 26.40 0.33 3.51 "PHOT"
1287.141 1.412 5.930 0.657 "Ni" "V" 1287.028 15.000 26.40 0.33 3.51 "PHOT"
1287.141 1.412 5.930 0.657 "Fe" "V" 1287.046 9.400 22.20 0.33 2.21 "PHOT"
1287.216 1.840 3.839 0.608 "Fe" "V" 1287.107 9.400 25.31 0.43 2.23 "PHOT"
1287.672 1.880 1.468 0.417 "Ni" "V" 1287.553 15.000 27.66 0.44 3.52 "PHOT"
1287.916 2.516 1.595 0.472 "Ni" "V" 1287.808 15.000 25.05 0.59 3.54 "PHOT"
1288.268 1.097 3.802 0.479 "Fe" "V" 1288.172 9.400 22.40 0.26 2.20 "PHOT"
1289.646 4.260 2.829 0.365 "Fe" "V" 1289.536 9.400 25.68 0.99 2.40 "PHOT"
1290.136 1.501 3.842 0.286 "Si" "III" 1290.040 100.000 22.22 0.35 23.24 "PHOT"
1291.294 1.403 4.919 0.561 "S" "VI" 1291.176 15.000 27.36 0.33 3.50 "PHOT"
1291.294 1.403 4.919 0.561 "Fe" "V" 1291.187 9.400 24.80 0.33 2.21 "PHOT"
1293.405 1.457 3.951 0.291 "C" "V" 1293.300 350.000 24.27 0.34 81.13 "PHOT"
1293.405 1.457 3.951 0.291 "Fe" "V" 1293.306 9.500 22.88 0.34 2.23 "PHOT"
1293.484 0.819 3.396 0.334 "N" "V" 1293.380 110.000 24.18 0.19 25.50 "PHOT"
1293.484 0.819 3.396 0.334 "Fe" "V" 1293.382 9.500 23.72 0.19 2.21 "PHOT"
1294.647 1.745 2.928 0.543 "Ni" "V" 1294.539 15.000 25.04 0.40 3.50 "PHOT"
1294.647 1.745 2.928 0.543 "Si" "III" 1294.545 1.500 23.65 0.40 0.53 "PHOT"
1294.647 1.745 2.928 0.543 "Fe" "VI" 1294.549 15.000 22.72 0.40 3.50 "PHOT"
1295.392 1.301 5.460 0.368 "Ni" "IV" 1295.298 15.000 21.81 0.30 3.48 "PHOT"
1295.909 2.681 1.832 0.512 "Ni" "V" 1295.797 0.000 26.01 0.62 0.62 "PHOT"
1295.909 2.681 1.832 0.512 "Ni" "V" 1295.813 0.000 22.31 0.62 0.62 "PHOT"
1295.909 2.681 1.832 0.512 "Fe" "VI" 1295.817 15.000 21.38 0.62 3.53 "PHOT"
1295.909 2.681 1.832 0.512 "O" "IV" 1295.820 110.000 20.69 0.62 25.46 "PHOT"
1296.715 1.780 1.223 0.211 "Ni" "IV" 1296.608 15.000 24.70 0.41 3.49 "PHOT"
1296.827 1.191 5.603 0.294 "Si" "III" 1296.726 1.500 23.39 0.28 0.44 "PHOT"
1296.827 1.191 5.603 0.294 "Fe" "V" 1296.728 14.000 22.93 0.28 3.25 "PHOT"
1296.827 1.191 5.603 0.294 "Fe" "VI" 1296.734 15.000 21.54 0.28 3.48 "PHOT"
1296.971 2.151 2.339 0.418 "Fe" "VI" 1296.872 15.000 22.88 0.50 3.50 "PHOT"
1297.647 0.805 7.344 0.273 "Fe" "V" 1297.549 9.500 22.65 0.19 2.20 "PHOT"
1297.647 0.805 7.344 0.273 "O" "IV" 1297.554 15.000 21.50 0.19 3.47 "PHOT"
1298.832 1.501 3.597 0.535 "Ni" "V" 1298.738 15.000 21.62 0.35 3.48 "PHOT"
1298.928 2.854 1.576 0.507 "Ni" "V" 1298.808 15.000 27.61 0.66 3.52 "PHOT"
1298.928 2.854 1.576 0.507 "Ni" "VI" 1298.824 15.000 23.92 0.66 3.52 "PHOT"
1299.051 2.496 5.074 0.459 "Si" "III" 1298.946 1.500 24.32 0.58 0.67 "PHOT"
1299.051 2.496 5.074 0.459 "Ni" "V" 1298.949 15.000 23.63 0.58 3.51 "PHOT"
1299.051 2.496 5.074 0.459 "Ni" "V" 1298.954 15.000 22.47 0.58 3.51 "PHOT"
1300.331 2.941 1.746 0.525 "O" "III" 1300.218 1.500 26.00 0.68 0.76 "PHOT"
1300.331 2.941 1.746 0.525 "Ni" "V" 1300.228 15.000 23.69 0.68 3.52 "PHOT"
1300.712 0.683 4.174 0.350 "Fe" "IV" 1300.594 11.000 27.29 0.16 2.54 "PHOT"
1300.712 0.683 4.174 0.350 "Fe" "V" 1300.608 9.600 24.06 0.16 2.22 "PHOT"
1300.949 2.689 1.291 0.378 "N" "IV" 1300.842 15.000 24.62 0.62 3.51 "PHOT"
1300.949 2.689 1.291 0.378 "Fe" "V" 1300.843 9.600 24.39 0.62 2.30 "PHOT"
1300.949 2.689 1.291 0.378 "Fe" "IV" 1300.856 1.500 21.39 0.62 0.71 "PHOT"
1300.949 2.689 1.291 0.378 "O" "III" 1300.856 11.000 21.39 0.62 2.61 "PHOT"
1301.087 0.496 6.673 0.363 "Ni" "V" 1300.979 15.000 24.96 0.11 3.46 "PHOT"
1301.298 2.349 3.365 0.498 "Fe" "VI" 1301.174 15.000 28.49 0.54 3.50 "PHOT"
1301.902 2.296 2.275 0.429 "Fe" "VI" 1301.800 15.000 23.44 0.53 3.49 "PHOT"
1301.902 2.296 2.275 0.429 "P" "II" 1301.874 1.500 6.40 0.53 0.63 "PHOT"
1302.254 0.202 48.837 0.608 "O" "I" 1302.168 0.150 19.70 0.05 0.06 "ISM1"
1302.204 0.210 49.741 0.599 "O" "I" 1302.168 0.150 8.28 0.05 0.06 "ISM2"
1302.493 2.137 2.137 0.503 "Ni" "V" 1302.387 0.000 24.35 0.49 0.49 "PHOT"
1302.493 2.137 2.137 0.503 "O" "VI" 1302.400 480.000 21.36 0.49 110.49 "PHOT"
1303.427 1.704 2.204 0.297 "N" "III" 1303.319 15.000 24.74 0.39 3.47 "PHOT"
1303.427 1.704 2.204 0.297 "Si" "III" 1303.323 1.500 23.82 0.39 0.52 "PHOT"
1303.427 1.704 2.204 0.297 "Ni" "V" 1303.326 15.000 23.13 0.39 3.47 "PHOT"
1303.587 0.948 3.299 0.454 "Fe" "V" 1303.487 9.600 22.98 0.22 2.22 "PHOT"
1303.587 0.948 3.299 0.454 "N" "IV" 1303.490 110.000 22.29 0.22 25.30 "PHOT"
1303.638 1.539 1.952 0.448 "Fe" "V" 1303.523 9.600 26.37 0.35 2.24 "PHOT"
1303.638 1.539 1.952 0.448 "O" "III" 1303.538 1.500 22.92 0.35 0.49 "PHOT"
1304.456 0.253 11.034 0.410 "Si" "II" 1304.370 1.100 19.75 0.06 0.26 "ISM1"
1304.410 0.169 23.682 0.463 "Si" "II" 1304.370 1.100 9.13 0.04 0.26 "ISM2"
1304.911 1.890 2.213 0.415 "Ni" "V" 1304.798 15.000 26.03 0.43 3.47 "PHOT"
1304.911 1.890 2.213 0.415 "O" "III" 1304.811 1.500 23.04 0.43 0.55 "PHOT"
1304.911 1.890 2.213 0.415 "Fe" "V" 1304.814 9.600 22.36 0.43 2.25 "PHOT"
1304.980 0.606 5.757 0.384 "Fe" "V" 1304.873 9.600 24.50 0.14 2.21 "PHOT"
1304.980 0.606 5.757 0.384 "N" "III" 1304.877 15.000 23.58 0.14 3.45 "PHOT"
1305.807 0.712 4.278 0.348 "O" "III" 1305.692 11.000 26.45 0.16 2.53 "PHOT"
1305.807 0.712 4.278 0.348 "Ni" "V" 1305.693 15.000 26.22 0.16 3.45 "PHOT"
1305.807 0.712 4.278 0.348 "Ni" "V" 1305.696 15.000 25.53 0.16 3.45 "PHOT"
1305.915 0.471 2.655 0.269 "N" "IV" 1305.812 15.000 23.54 0.11 3.45 "PHOT"
1305.915 0.471 2.655 0.269 "N" "IV" 1305.821 15.000 21.48 0.11 3.45 "PHOT"
1306.045 1.812 4.052 0.510 "Ni" "VI" 1305.942 15.000 23.59 0.42 3.47 "PHOT"
1306.138 0.655 2.080 0.283 "Ni" "V" 1306.035 15.000 23.57 0.15 3.45 "PHOT"
1306.187 0.567 8.908 0.467 "Ni" "V" 1306.068 15.000 27.22 0.13 3.45 "PHOT"
1306.187 0.567 8.908 0.467 "C" "III" 1306.080 110.000 24.47 0.13 25.25 "PHOT"
1306.187 0.567 8.908 0.467 "Fe" "V" 1306.080 9.600 24.47 0.13 2.21 "PHOT"
1306.346 0.737 4.640 0.405 "Ni" "V" 1306.228 15.000 27.02 0.17 3.45 "PHOT"
1306.346 0.737 4.640 0.405 "Ni" "V" 1306.233 15.000 25.87 0.17 3.45 "PHOT"
1306.346 0.737 4.640 0.405 "Ni" "V" 1306.238 15.000 24.72 0.17 3.45 "PHOT"
1306.730 0.575 14.998 0.655 "Ni" "V" 1306.624 15.000 24.37 0.13 3.44 "PHOT"
1307.529 0.677 7.011 0.489 "Fe" "V" 1307.424 9.700 24.07 0.16 2.23 "PHOT"
1307.703 0.512 8.631 0.473 "Ni" "V" 1307.603 15.000 22.98 0.12 3.44 "PHOT"
1308.758 1.339 5.062 0.301 "Fe" "VI" 1308.644 15.000 26.02 0.31 3.45 "PHOT"
1309.626 1.740 1.940 0.375 "O" "III" 1309.510 1.500 26.52 0.40 0.53 "PHOT"
1309.626 1.740 1.940 0.375 "Fe" "V" 1309.519 9.700 24.46 0.40 2.26 "PHOT"
1309.756 2.047 3.384 0.524 "Ni" "V" 1309.653 15.000 23.57 0.47 3.47 "PHOT"
1309.812 1.894 1.330 0.360 "Ni" "V" 1309.689 15.000 28.22 0.43 3.46 "PHOT"
1310.181 0.915 3.042 0.345 "O" "III" 1310.064 11.000 26.86 0.21 2.53 "PHOT"
1310.181 0.915 3.042 0.345 "O" "III" 1310.072 1.500 25.03 0.21 0.40 "PHOT"
1310.181 0.915 3.042 0.345 "Ni" "VI" 1310.085 15.000 22.05 0.21 3.44 "PHOT"
1310.358 1.206 2.863 0.404 "S" "V" 1310.250 15.000 24.79 0.28 3.44 "PHOT"
1310.358 1.206 2.863 0.404 "Ni" "V" 1310.252 15.000 24.33 0.28 3.44 "PHOT"
1310.358 1.206 2.863 0.404 "S" "V" 1310.259 15.000 22.73 0.28 3.44 "PHOT"
1310.358 1.206 2.863 0.404 "Ni" "VI" 1310.261 15.000 22.27 0.28 3.44 "PHOT"
1311.216 0.553 8.325 0.489 "Ni" "IV" 1311.099 15.000 26.74 0.13 3.43 "PHOT"
1311.216 0.553 8.325 0.489 "Ni" "IV" 1311.101 15.000 26.28 0.13 3.43 "PHOT"
1311.216 0.553 8.325 0.489 "Ni" "V" 1311.106 15.000 25.14 0.13 3.43 "PHOT"
1311.347 1.461 1.899 0.425 "Fe" "V" 1311.238 9.700 25.01 0.33 2.24 "PHOT"
1311.347 1.461 1.899 0.425 "Fe" "V" 1311.252 14.000 21.81 0.33 3.22 "PHOT"
1311.665 2.358 3.388 0.594 "Fe" "IV" 1311.550 1.500 26.30 0.54 0.64 "PHOT"
1311.665 2.358 3.388 0.594 "Ni" "IV" 1311.553 15.000 25.61 0.54 3.47 "PHOT"
1311.665 2.358 3.388 0.594 "Ni" "V" 1311.560 15.000 24.01 0.54 3.47 "PHOT"
1311.665 2.358 3.388 0.594 "O" "III" 1311.568 11.000 22.18 0.54 2.57 "PHOT"
1311.934 0.739 5.584 0.471 "Ni" "V" 1311.819 15.000 26.19 0.17 3.43 "PHOT"
1311.934 0.739 5.584 0.471 "Fe" "V" 1311.828 9.700 24.13 0.17 2.22 "PHOT"
1311.934 0.739 5.584 0.471 "Fe" "V" 1311.830 14.000 23.67 0.17 3.20 "PHOT"
1312.136 2.493 1.755 0.495 "O" "III" 1312.033 1.500 23.46 0.57 0.66 "PHOT"
1312.136 2.493 1.755 0.495 "Ni" "IV" 1312.040 15.000 21.86 0.57 3.47 "PHOT"
1312.756 1.424 4.986 0.586 "Ni" "V" 1312.646 15.000 25.02 0.33 3.44 "PHOT"
1312.838 0.771 7.745 0.504 "Ni" "IV" 1312.739 15.000 22.58 0.18 3.43 "PHOT"
1312.838 0.771 7.745 0.504 "N" "IV" 1312.740 110.000 22.35 0.18 25.12 "PHOT"
1313.412 0.518 5.877 0.376 "Ni" "V" 1313.296 15.000 26.45 0.12 3.43 "PHOT"
1313.412 0.518 5.877 0.376 "P" "IV" 1313.319 1.500 21.20 0.12 0.36 "PHOT"
1313.700 3.322 2.092 0.478 "Fe" "V" 1313.582 9.800 26.97 0.76 2.36 "PHOT"
1314.440 0.489 9.105 0.428 "Ni" "V" 1314.330 15.000 25.00 0.11 3.42 "PHOT"
1314.635 1.403 4.883 0.581 "Fe" "V" 1314.527 9.800 24.57 0.32 2.26 "PHOT"
1314.795 1.239 5.092 0.568 "Ni" "V" 1314.682 15.000 25.77 0.28 3.43 "PHOT"
1314.795 1.239 5.092 0.568 "Ni" "VI" 1314.691 0.000 23.72 0.28 0.28 "PHOT"
1315.104 3.188 1.904 0.571 "Ni" "VI" 1314.990 15.000 25.96 0.73 3.50 "PHOT"
1315.104 3.188 1.904 0.571 "Ni" "V" 1314.992 15.000 25.51 0.73 3.50 "PHOT"
1315.104 3.188 1.904 0.571 "Ge" "IV" 1315.000 1100.000 23.68 0.73 250.78 "PHOT"
1315.774 1.681 2.010 0.454 "Ni" "V" 1315.653 15.000 27.64 0.38 3.44 "PHOT"
1317.003 2.071 2.485 0.480 "Ni" "V" 1316.890 15.000 25.77 0.47 3.45 "PHOT"
1317.003 2.071 2.485 0.480 "Fe" "IV" 1316.892 15.000 25.32 0.47 3.45 "PHOT"
1317.003 2.071 2.485 0.480 "Ni" "V" 1316.892 15.000 25.32 0.47 3.45 "PHOT"
1317.548 0.448 6.464 0.346 "Ni" "V" 1317.447 15.000 22.96 0.10 3.41 "PHOT"
1317.548 0.448 6.464 0.346 "Fe" "V" 1317.452 14.000 21.82 0.10 3.19 "PHOT"
1317.842 2.628 0.701 0.202 "Fe" "VI" 1317.731 15.000 25.36 0.60 3.46 "PHOT"
1317.842 2.628 0.701 0.202 "Ni" "IV" 1317.742 15.000 22.85 0.60 3.46 "PHOT"
1317.964 0.631 6.954 0.402 "Fe" "V" 1317.860 9.800 23.55 0.14 2.23 "PHOT"
1317.964 0.631 6.954 0.402 "Fe" "IV" 1317.868 1.500 21.73 0.14 0.37 "PHOT"
1318.252 1.005 3.806 0.387 "N" "V" 1318.145 15.000 24.42 0.23 3.42 "PHOT"
1318.252 1.005 3.806 0.387 "Ni" "V" 1318.145 0.000 24.42 0.23 0.23 "PHOT"
1318.252 1.005 3.806 0.387 "N" "IV" 1318.148 15.000 23.73 0.23 3.42 "PHOT"
1318.252 1.005 3.806 0.387 "Ni" "VI" 1318.153 15.000 22.60 0.23 3.42 "PHOT"
1318.454 0.511 10.499 0.438 "Fe" "V" 1318.355 9.800 22.53 0.12 2.23 "PHOT"
1318.454 0.511 10.499 0.438 "Fe" "IV" 1318.359 1.500 21.62 0.12 0.36 "PHOT"
1318.616 0.351 11.178 0.420 "Fe" "IV" 1318.500 11.000 26.43 0.08 2.50 "PHOT"
1318.616 0.351 11.178 0.420 "Ni" "VI" 1318.506 15.000 25.07 0.08 3.41 "PHOT"
1318.616 0.351 11.178 0.420 "N" "IV" 1318.508 15.000 24.61 0.08 3.41 "PHOT"
1318.616 0.351 11.178 0.420 "Ni" "V" 1318.515 15.000 23.02 0.08 3.41 "PHOT"
1318.616 0.351 11.178 0.420 "N" "V" 1318.520 110.000 21.88 0.08 25.01 "PHOT"
1318.775 2.860 1.928 0.353 "P" "I" 1318.684 1.500 20.78 0.65 0.73 "ISM1"
1319.263 2.236 1.817 0.484 "Fe" "V" 1319.159 14.000 23.57 0.51 3.22 "PHOT"
1319.263 2.236 1.817 0.484 "Ni" "V" 1319.164 0.000 22.43 0.51 0.51 "PHOT"
1319.445 2.249 2.668 0.549 "Fe" "V" 1319.326 9.800 27.15 0.51 2.28 "PHOT"
1320.400 3.329 2.029 0.577 "Fe" "V" 1320.298 9.900 23.23 0.76 2.37 "PHOT"
1320.400 3.329 2.029 0.577 "Fe" "V" 1320.313 9.900 19.82 0.76 2.37 "PHOT"
1320.518 0.484 12.053 0.521 "Fe" "V" 1320.409 9.900 24.80 0.11 2.25 "PHOT"
1320.518 0.484 12.053 0.521 "N" "III" 1320.414 16.000 23.67 0.11 3.63 "PHOT"
1320.821 0.712 5.886 0.473 "Ni" "IV" 1320.706 0.000 26.20 0.16 0.16 "PHOT"
1320.821 0.712 5.886 0.473 "Ni" "V" 1320.727 16.000 21.43 0.16 3.64 "PHOT"
1321.008 3.956 1.709 0.355 "Fe" "V" 1320.878 14.000 29.47 0.90 3.30 "PHOT"
1321.008 3.956 1.709 0.355 "Ni" "V" 1320.889 0.000 26.97 0.90 0.90 "PHOT"
1321.447 0.525 7.352 0.392 "Fe" "V" 1321.341 9.900 23.97 0.12 2.25 "PHOT"
1321.447 0.525 7.352 0.392 "Fe" "IV" 1321.349 1.600 22.15 0.12 0.38 "PHOT"
1321.595 0.382 9.708 0.378 "Fe" "V" 1321.489 9.900 24.15 0.09 2.25 "PHOT"
1321.954 1.273 3.128 0.394 "Fe" "V" 1321.849 9.900 23.72 0.29 2.26 "PHOT"
1321.954 1.273 3.128 0.394 "Si" "V" 1321.860 160.000 21.23 0.29 36.29 "PHOT"
1322.519 0.996 3.218 0.364 "O" "IV" 1322.430 110.000 20.22 0.23 24.94 "PHOT"
1323.375 0.403 13.821 0.508 "Fe" "IV" 1323.262 11.000 25.71 0.09 2.49 "PHOT"
1323.375 0.403 13.821 0.508 "Fe" "V" 1323.271 9.900 23.67 0.09 2.24 "PHOT"
1323.654 1.235 4.682 0.342 "Ni" "V" 1323.553 16.000 22.81 0.28 3.63 "PHOT"
1323.654 1.235 4.682 0.342 "Ni" "V" 1323.562 16.000 20.77 0.28 3.63 "PHOT"
1324.089 0.843 8.120 0.548 "Ni" "V" 1323.977 16.000 25.39 0.19 3.63 "PHOT"
1324.089 0.843 8.120 0.548 "Ni" "V" 1324.000 16.000 20.18 0.19 3.63 "PHOT"
1325.886 1.124 2.842 0.365 "Fe" "IV" 1325.778 1.600 24.51 0.25 0.44 "PHOT"
1325.886 1.124 2.842 0.365 "Fe" "V" 1325.782 9.900 23.61 0.25 2.25 "PHOT"
1325.886 1.124 2.842 0.365 "P" "IV" 1325.785 1.600 22.93 0.25 0.44 "PHOT"
1327.207 1.833 2.679 0.342 "Fe" "V" 1327.101 10.000 24.00 0.41 2.30 "PHOT"
1328.133 2.453 1.997 0.518 "Si" "III" 1328.016 1.600 26.33 0.55 0.66 "PHOT"
1328.133 2.453 1.997 0.518 "P" "IV" 1328.017 11.000 26.11 0.55 2.54 "PHOT"
1328.133 2.453 1.997 0.518 "Ni" "V" 1328.025 16.000 24.30 0.55 3.65 "PHOT"
1329.477 1.072 6.889 0.893 "Ni" "V" 1329.358 16.000 26.84 0.24 3.62 "PHOT"
1330.509 0.379 14.238 0.513 "Fe" "V" 1330.405 10.000 23.49 0.09 2.26 "PHOT"
1331.289 2.556 5.549 0.559 "O" "III" 1331.180 110.000 24.48 0.58 24.78 "PHOT"
1331.289 2.556 5.549 0.559 "Fe" "V" 1331.189 10.000 22.46 0.58 2.32 "PHOT"
1331.289 2.556 5.549 0.559 "Fe" "VI" 1331.195 16.000 21.10 0.58 3.65 "PHOT"
1331.745 0.739 8.624 0.638 "Fe" "V" 1331.639 10.000 23.78 0.17 2.26 "PHOT"
1334.064 1.351 2.964 0.342 "Ni" "V" 1333.958 16.000 23.80 0.30 3.61 "PHOT"
1334.281 1.958 8.197 0.558 "Fe" "IV" 1334.168 1.600 25.43 0.44 0.57 "PHOT"
1334.281 1.958 8.197 0.558 "Ni" "V" 1334.169 16.000 25.20 0.44 3.62 "PHOT"
1334.281 1.958 8.197 0.558 "Fe" "IV" 1334.170 1.600 24.98 0.44 0.57 "PHOT"
1334.552 0.311 62.586 0.979 "Fe" "IV" 1334.435 0.000 26.28 0.07 0.07 "PHOT"
1334.552 0.311 62.586 0.979 "Fe" "IV" 1334.438 1.600 25.60 0.07 0.37 "PHOT"
1334.617 0.301 68.067 0.981 "Fe" "IV" 1334.507 1.600 24.66 0.07 0.37 "PHOT"
1334.617 0.301 68.067 0.981 "S" "IV" 1334.513 16.000 23.31 0.07 3.59 "PHOT"
1334.617 0.301 68.067 0.981 "C" "II" 1334.532 1.600 19.04 0.07 0.37 "ISM1"
1335.083 3.295 2.788 0.786 "Fe" "V" 1334.994 14.000 20.07 0.74 3.23 "PHOT"
1335.741 5.681 60.413 5.258 "Ni" "IV" 1335.623 0.000 26.48 1.28 1.28 "PHOT"
1335.741 5.681 60.413 5.258 "N" "III" 1335.640 110.000 22.67 1.28 24.72 "PHOT"
1335.792 1.074 3.810 0.677 "Fe" "V" 1335.682 14.000 24.80 0.24 3.15 "PHOT"
1336.264 0.785 8.600 0.762 "Ni" "V" 1336.136 16.000 28.61 0.18 3.59 "PHOT"
1338.737 0.722 17.075 0.756 "O" "IV" 1338.615 16.000 27.35 0.16 3.59 "PHOT"
1338.913 1.998 2.404 0.573 "Fe" "V" 1338.808 10.000 23.52 0.45 2.28 "PHOT"
1339.180 3.130 4.299 0.902 "Ni" "V" 1339.070 16.000 24.61 0.70 3.65 "PHOT"
1339.180 3.130 4.299 0.902 "Ni" "VI" 1339.073 16.000 23.94 0.70 3.65 "PHOT"
1339.180 3.130 4.299 0.902 "Ni" "IV" 1339.081 16.000 22.15 0.70 3.65 "PHOT"
1339.792 1.666 5.777 0.892 "Ni" "IV" 1339.674 16.000 26.37 0.37 3.60 "PHOT"
1339.792 1.666 5.777 0.892 "Fe" "V" 1339.691 10.000 22.57 0.37 2.27 "PHOT"
1341.185 2.097 3.819 0.860 "Ni" "V" 1341.074 16.000 24.83 0.47 3.61 "PHOT"
1342.291 1.004 5.339 0.606 "Ni" "V" 1342.176 16.000 25.68 0.22 3.58 "PHOT"
1343.114 1.884 3.903 0.660 "O" "IV" 1342.990 16.000 27.60 0.42 3.60 "PHOT"
1343.631 0.674 23.396 0.951 "O" "IV" 1343.514 16.000 26.02 0.15 3.57 "PHOT"
1345.708 1.460 4.796 0.944 "Ni" "V" 1345.591 16.000 26.07 0.33 3.58 "PHOT"
1345.708 1.460 4.796 0.944 "Fe" "V" 1345.603 10.000 23.39 0.33 2.25 "PHOT"
1345.774 7.848 12.713 1.995 "Fe" "V" 1345.656 10.000 26.28 1.75 2.83 "PHOT"
1347.844 2.091 3.215 0.746 "O" "III" 1347.745 1.600 22.00 0.47 0.59 "PHOT"
1347.844 2.091 3.215 0.746 "Ni" "V" 1347.749 16.000 21.11 0.47 3.59 "PHOT"
1348.069 2.263 3.054 0.776 "C" "III" 1347.947 1.600 27.17 0.50 0.62 "PHOT"
1348.069 2.263 3.054 0.776 "Fe" "V" 1347.949 15.000 26.72 0.50 3.37 "PHOT"
1348.069 2.263 3.054 0.776 "Si" "VI" 1347.950 160.000 26.50 0.50 35.59 "PHOT"
1348.069 2.263 3.054 0.776 "Fe" "V" 1347.965 15.000 23.17 0.50 3.37 "PHOT"
1349.993 1.843 5.416 0.576 "S" "V" 1349.890 120.000 22.94 0.41 26.65 "PHOT"
1350.170 3.600 2.777 0.912 "Fe" "VI" 1350.061 16.000 24.17 0.80 3.64 "PHOT"
1350.170 3.600 2.777 0.912 "Ni" "VI" 1350.061 16.000 24.17 0.80 3.64 "PHOT"
1350.332 3.490 2.559 0.570 "Ni" "IV" 1350.218 16.000 25.22 0.77 3.64 "PHOT"
1350.637 1.202 5.764 0.734 "Fe" "V" 1350.515 15.000 27.16 0.27 3.34 "PHOT"
1350.637 1.202 5.764 0.734 "Al" "V" 1350.519 16.000 26.27 0.27 3.56 "PHOT"
1350.637 1.202 5.764 0.734 "Ni" "IV" 1350.521 16.000 25.83 0.27 3.56 "PHOT"
1350.637 1.202 5.764 0.734 "Ni" "V" 1350.525 0.000 24.94 0.27 0.27 "PHOT"
1350.637 1.202 5.764 0.734 "Fe" "IV" 1350.531 1.600 23.61 0.27 0.44 "PHOT"
1350.637 1.202 5.764 0.734 "Al" "V" 1350.532 16.000 23.38 0.27 3.56 "PHOT"
1350.637 1.202 5.764 0.734 "Fe" "V" 1350.537 10.000 22.27 0.27 2.24 "PHOT"
1351.524 1.505 4.850 0.660 "Ni" "V" 1351.412 16.000 24.79 0.33 3.57 "PHOT"
1351.524 1.505 4.850 0.660 "Ni" "IV" 1351.419 16.000 23.24 0.33 3.57 "PHOT"
1351.856 1.853 3.951 0.668 "Fe" "V" 1351.757 10.000 21.91 0.41 2.26 "PHOT"
1352.702 1.514 7.266 0.961 "Fe" "V" 1352.602 10.000 22.14 0.34 2.24 "PHOT"
1353.003 3.662 5.440 1.170 "Ni" "IV" 1352.904 16.000 21.91 0.81 3.64 "PHOT"
1353.862 1.326 6.100 0.835 "Al" "IV" 1353.755 16.000 23.73 0.29 3.56 "PHOT"
1354.950 0.880 9.582 0.789 "Fe" "V" 1354.846 10.000 22.99 0.19 2.22 "PHOT"
1356.191 2.482 2.445 0.697 "Ni" "V" 1356.068 16.000 27.26 0.55 3.58 "PHOT"
1356.191 2.482 2.445 0.697 "Ni" "IV" 1356.076 16.000 25.49 0.55 3.58 "PHOT"
1356.191 2.482 2.445 0.697 "Ni" "IV" 1356.079 16.000 24.83 0.55 3.58 "PHOT"
1356.191 2.482 2.445 0.697 "P" "IV" 1356.085 1.600 23.50 0.55 0.65 "PHOT"
1357.176 2.176 4.164 1.051 "Ni" "IV" 1357.064 16.000 24.68 0.48 3.57 "PHOT"
1357.781 1.184 7.003 0.894 "Ni" "V" 1357.663 16.000 26.08 0.26 3.54 "PHOT"
1357.781 1.184 7.003 0.894 "N" "IV" 1357.668 16.000 24.98 0.26 3.54 "PHOT"
1357.781 1.184 7.003 0.894 "Fe" "V" 1357.679 10.000 22.55 0.26 2.22 "PHOT"
1358.673 2.472 3.542 0.918 "Fe" "V" 1358.565 10.000 23.81 0.55 2.27 "PHOT"
1359.114 1.143 7.587 0.901 "Fe" "IV" 1358.996 1.600 26.10 0.25 0.43 "PHOT"
1359.114 1.143 7.587 0.901 "Fe" "V" 1359.006 10.000 23.89 0.25 2.22 "PHOT"
1359.504 1.350 6.635 0.558 "Fe" "IV" 1359.391 1.600 24.81 0.30 0.46 "PHOT"
1359.504 1.350 6.635 0.558 "Ni" "IV" 1359.394 16.000 24.15 0.30 3.54 "PHOT"
1359.504 1.350 6.635 0.558 "Fe" "V" 1359.405 10.000 21.72 0.30 2.23 "PHOT"
1361.381 0.827 11.836 0.873 "Ni" "IV" 1361.268 0.000 24.92 0.18 0.18 "PHOT"
1361.381 0.827 11.836 0.873 "Fe" "V" 1361.274 10.000 23.60 0.18 2.21 "PHOT"
1361.381 0.827 11.836 0.873 "Fe" "V" 1361.278 10.000 22.72 0.18 2.21 "PHOT"
1361.551 0.944 10.012 0.854 "Fe" "V" 1361.446 10.000 23.12 0.21 2.21 "PHOT"
1361.802 1.840 2.759 0.724 "N" "IV" 1361.672 17.000 28.66 0.41 3.76 "PHOT"
1361.802 1.840 2.759 0.724 "Fe" "V" 1361.691 10.000 24.48 0.41 2.24 "PHOT"
1361.932 0.748 11.462 0.825 "Fe" "VI" 1361.817 17.000 25.21 0.16 3.75 "PHOT"
1361.932 0.748 11.462 0.825 "Fe" "V" 1361.826 10.000 23.23 0.16 2.21 "PHOT"
1362.969 0.934 9.252 0.825 "Fe" "V" 1362.864 11.000 23.09 0.21 2.43 "PHOT"
1362.969 0.934 9.252 0.825 "P" "IV" 1362.872 12.000 21.33 0.21 2.65 "PHOT"
1363.182 0.763 19.083 0.610 "Fe" "V" 1363.076 11.000 23.31 0.17 2.43 "PHOT"
1363.749 0.755 10.810 0.726 "Ni" "IV" 1363.637 17.000 24.59 0.17 3.74 "PHOT"
1363.749 0.755 10.810 0.726 "Fe" "V" 1363.643 15.000 23.27 0.17 3.30 "PHOT"
1363.749 0.755 10.810 0.726 "Fe" "V" 1363.644 11.000 23.05 0.17 2.42 "PHOT"
1364.039 1.302 3.762 0.588 "Fe" "IV" 1363.927 1.700 24.64 0.29 0.47 "PHOT"
1364.039 1.302 3.762 0.588 "Ni" "V" 1363.929 17.000 24.20 0.29 3.75 "PHOT"
1364.923 1.025 6.370 0.618 "Fe" "IV" 1364.818 1.700 23.17 0.23 0.44 "PHOT"
1364.923 1.025 6.370 0.618 "Fe" "V" 1364.821 11.000 22.51 0.23 2.43 "PHOT"
1365.090 1.046 6.234 0.648 "Fe" "V" 1364.977 11.000 24.83 0.23 2.43 "PHOT"
1365.090 1.046 6.234 0.648 "Fe" "V" 1364.985 11.000 23.07 0.23 2.43 "PHOT"
1365.223 0.974 8.831 0.763 "Fe" "V" 1365.115 11.000 23.63 0.21 2.43 "PHOT"
1365.356 4.293 3.357 1.044 "Si" "III" 1365.253 1.700 22.63 0.94 1.01 "PHOT"
1365.677 0.784 10.522 0.816 "Ni" "IV" 1365.551 17.000 27.56 0.17 3.74 "PHOT"
1365.677 0.784 10.522 0.816 "Fe" "V" 1365.575 11.000 22.30 0.17 2.42 "PHOT"
1369.617 1.339 3.761 0.613 "Fe" "IV" 1369.493 1.700 27.05 0.29 0.47 "PHOT"
1369.617 1.339 3.761 0.613 "Fe" "V" 1369.507 15.000 23.99 0.29 3.30 "PHOT"
1370.415 2.343 5.619 0.637 "Fe" "V" 1370.302 11.000 24.63 0.51 2.46 "PHOT"
1371.048 1.105 6.862 0.793 "Fe" "V" 1370.943 11.000 23.06 0.24 2.42 "PHOT"
1371.403 1.541 12.937 1.099 "O" "V" 1371.296 17.000 23.43 0.34 3.73 "PHOT"
1371.791 3.062 2.747 0.849 "Ni" "IV" 1371.680 17.000 24.34 0.67 3.78 "PHOT"
1371.884 2.363 2.829 0.774 "Ni" "V" 1371.757 0.000 27.71 0.52 0.52 "PHOT"
1371.884 2.363 2.829 0.774 "P" "IV" 1371.767 1.700 25.52 0.52 0.64 "PHOT"
1371.884 2.363 2.829 0.774 "Ni" "IV" 1371.778 17.000 23.12 0.52 3.75 "PHOT"
1372.095 1.433 8.280 0.597 "Fe" "V" 1371.983 11.000 24.42 0.31 2.42 "PHOT"
1373.696 0.390 18.239 0.640 "O" "III" 1373.586 12.000 24.04 0.09 2.62 "PHOT"
1373.696 0.390 18.239 0.640 "Fe" "V" 1373.589 11.000 23.39 0.09 2.40 "PHOT"
1373.696 0.390 18.239 0.640 "Ni" "VI" 1373.598 17.000 21.42 0.09 3.71 "PHOT"
1373.781 0.428 16.229 0.635 "Fe" "IV" 1373.669 1.700 24.52 0.09 0.38 "PHOT"
1373.781 0.428 16.229 0.635 "Al" "V" 1373.670 17.000 24.30 0.09 3.71 "PHOT"
1373.781 0.428 16.229 0.635 "Fe" "V" 1373.679 11.000 22.34 0.09 2.40 "PHOT"
1374.075 0.785 10.786 0.708 "Fe" "V" 1373.964 11.000 24.32 0.17 2.41 "PHOT"
1374.075 0.785 10.786 0.708 "N" "III" 1373.970 120.000 23.01 0.17 26.18 "PHOT"
1374.075 0.785 10.786 0.708 "Ni" "VI" 1373.970 17.000 23.01 0.17 3.71 "PHOT"
1374.075 0.785 10.786 0.708 "Fe" "V" 1373.976 15.000 21.71 0.17 3.28 "PHOT"
1374.224 0.720 11.433 0.780 "Ni" "IV" 1374.113 0.000 24.19 0.16 0.16 "PHOT"
1374.224 0.720 11.433 0.780 "Fe" "V" 1374.119 11.000 22.89 0.16 2.41 "PHOT"
1374.723 3.941 5.254 0.765 "Ni" "IV" 1374.616 17.000 23.38 0.86 3.81 "PHOT"
1374.898 1.409 9.452 0.995 "Fe" "V" 1374.788 11.000 23.88 0.31 2.42 "PHOT"
1374.898 1.409 9.452 0.995 "O" "V" 1374.800 170.000 21.27 0.31 37.07 "PHOT"
1375.427 2.319 2.610 0.771 "Fe" "V" 1375.304 15.000 26.72 0.51 3.31 "PHOT"
1376.446 0.452 23.364 0.844 "Ni" "V" 1376.330 17.000 25.36 0.10 3.70 "PHOT"
1376.446 0.452 23.364 0.844 "Fe" "V" 1376.337 11.000 23.84 0.10 2.40 "PHOT"
1376.446 0.452 23.364 0.844 "Ni" "V" 1376.337 17.000 23.84 0.10 3.70 "PHOT"
1376.561 0.647 15.001 0.846 "Ni" "V" 1376.442 17.000 25.92 0.14 3.71 "PHOT"
1376.561 0.647 15.001 0.846 "Fe" "V" 1376.451 11.000 23.96 0.14 2.40 "PHOT"
1376.561 0.647 15.001 0.846 "Ni" "VI" 1376.455 17.000 23.09 0.14 3.71 "PHOT"
1377.741 1.164 3.347 0.542 "Ni" "VI" 1377.623 17.000 25.64 0.25 3.71 "PHOT"
1377.741 1.164 3.347 0.542 "Ni" "IV" 1377.642 17.000 21.50 0.25 3.71 "PHOT"
1378.202 1.581 3.044 0.374 "Fe" "V" 1378.088 11.000 24.90 0.34 2.42 "PHOT"
1378.202 1.581 3.044 0.374 "O" "III" 1378.094 1.700 23.60 0.34 0.51 "PHOT"
1378.668 0.527 17.961 0.797 "O" "III" 1378.556 12.000 24.42 0.11 2.61 "PHOT"
1378.668 0.527 17.961 0.797 "Fe" "V" 1378.561 11.000 23.34 0.11 2.39 "PHOT"
1379.172 1.099 7.842 0.867 "S" "V" 1379.057 17.000 24.90 0.24 3.70 "PHOT"
1380.220 0.749 10.980 0.813 "Fe" "V" 1380.112 11.000 23.51 0.16 2.39 "PHOT"
1385.425 1.241 9.735 0.611 "Fe" "V" 1385.312 11.000 24.41 0.27 2.40 "PHOT"
1385.796 1.014 10.742 0.931 "Fe" "V" 1385.684 11.000 24.23 0.22 2.39 "PHOT"
1385.796 1.014 10.742 0.931 "Fe" "V" 1385.694 11.000 22.07 0.22 2.39 "PHOT"
1386.812 1.351 1.719 0.342 "Ni" "IV" 1386.691 17.000 26.18 0.29 3.69 "PHOT"
1386.812 1.351 1.719 0.342 "O" "IV" 1386.710 170.000 22.07 0.29 36.75 "PHOT"
1387.203 0.532 13.485 0.659 "Fe" "V" 1387.095 11.000 23.41 0.11 2.38 "PHOT"
1387.203 0.532 13.485 0.659 "Fe" "V" 1387.100 2900.000 22.33 0.11 626.77 "PHOT"
1387.203 0.532 13.485 0.659 "Ni" "IV" 1387.101 0.000 22.11 0.11 0.11 "PHOT"
1387.824 2.913 1.507 0.407 "O" "III" 1387.707 1.700 25.38 0.63 0.73 "PHOT"
1388.047 0.511 16.130 0.815 "Al" "III" 1387.930 170.000 25.34 0.11 36.72 "PHOT"
1388.047 0.511 16.130 0.815 "Fe" "V" 1387.937 11.000 23.82 0.11 2.38 "PHOT"
1388.047 0.511 16.130 0.815 "Fe" "VI" 1387.946 17.000 21.88 0.11 3.67 "PHOT"
1388.047 0.511 16.130 0.815 "Si" "III" 1387.948 1.700 21.45 0.11 0.38 "PHOT"
1388.299 2.016 8.498 0.700 "O" "III" 1388.180 1.700 25.62 0.44 0.57 "PHOT"
1388.299 2.016 8.498 0.700 "Fe" "V" 1388.183 16.000 24.97 0.44 3.48 "PHOT"
1388.299 2.016 8.498 0.700 "O" "III" 1388.190 120.000 23.46 0.44 25.92 "PHOT"
1388.299 2.016 8.498 0.700 "Fe" "V" 1388.195 11.000 22.38 0.44 2.42 "PHOT"
1388.437 0.980 6.671 0.778 "Fe" "V" 1388.324 11.000 24.35 0.21 2.38 "PHOT"
1389.112 1.218 9.387 0.937 "Ni" "V" 1388.991 0.000 26.16 0.26 0.26 "PHOT"
1389.112 1.218 9.387 0.937 "Ni" "V" 1388.993 17.000 25.73 0.26 3.68 "PHOT"
1389.112 1.218 9.387 0.937 "Fe" "V" 1388.999 16.000 24.44 0.26 3.46 "PHOT"
1393.180 1.335 6.130 0.812 "Fe" "V" 1393.072 11.000 23.26 0.29 2.38 "PHOT"
1393.866 0.345 93.667 1.077 "Ni" "VI" 1393.753 17.000 24.25 0.07 3.66 "PHOT"
1393.866 0.345 93.667 1.077 "Si" "IV" 1393.755 1.700 23.82 0.07 0.37 "PHOT"
1394.384 0.842 8.638 0.756 "Fe" "V" 1394.270 11.000 24.49 0.18 2.37 "PHOT"
1394.780 0.950 9.496 0.816 "Fe" "V" 1394.671 11.000 23.49 0.20 2.37 "PHOT"
1396.662 2.517 2.698 0.685 "S" "III" 1396.552 17.000 23.61 0.54 3.69 "PHOT"
1397.222 1.651 5.106 0.551 "Al" "VI" 1397.100 1200.000 26.20 0.35 257.50 "PHOT"
1397.222 1.651 5.106 0.551 "Fe" "V" 1397.110 11.000 24.05 0.35 2.39 "PHOT"
1397.222 1.651 5.106 0.551 "N" "III" 1397.110 17.000 24.05 0.35 3.67 "PHOT"
1397.474 2.831 2.508 0.813 "Fe" "V" 1397.372 16.000 21.80 0.61 3.49 "PHOT"
1397.474 2.831 2.508 0.813 "Ni" "IV" 1397.374 17.000 21.37 0.61 3.70 "PHOT"
1397.860 3.148 2.922 0.941 "Fe" "V" 1397.751 11.000 23.30 0.68 2.45 "PHOT"
1397.860 3.148 2.922 0.941 "Fe" "V" 1397.757 16.000 22.01 0.68 3.50 "PHOT"
1397.860 3.148 2.922 0.941 "S" "IV" 1397.759 17.000 21.58 0.68 3.71 "PHOT"
1398.081 1.576 7.442 0.922 "Fe" "V" 1397.958 21.000 26.35 0.34 4.52 "PHOT"
1398.081 1.576 7.442 0.922 "Fe" "V" 1397.974 11.000 22.92 0.34 2.38 "PHOT"
1398.309 0.636 11.295 0.760 "Ni" "IV" 1398.193 17.000 24.93 0.14 3.65 "PHOT"
1398.944 2.292 2.300 0.443 "Si" "V" 1398.820 170.000 26.58 0.49 36.44 "PHOT"
1400.053 1.086 6.261 0.470 "Ni" "IV" 1399.947 17.000 22.61 0.23 3.65 "PHOT"
1400.053 1.086 6.261 0.470 "Fe" "IV" 1399.951 12.000 21.75 0.23 2.58 "PHOT"
1400.356 0.503 13.542 0.618 "Fe" "V" 1400.237 11.000 25.53 0.11 2.36 "PHOT"
1400.356 0.503 13.542 0.618 "Ni" "V" 1400.256 0.000 21.46 0.11 0.11 "PHOT"
1400.784 1.591 3.518 0.609 "Ni" "IV" 1400.682 17.000 21.83 0.34 3.65 "PHOT"
1402.495 0.556 24.077 0.937 "Fe" "V" 1402.385 11.000 23.62 0.12 2.35 "PHOT"
1402.495 0.556 24.077 0.937 "Ni" "IV" 1402.389 18.000 22.76 0.12 3.85 "PHOT"
1402.495 0.556 24.077 0.937 "Fe" "V" 1402.391 11.000 22.34 0.12 2.35 "PHOT"
1402.880 0.354 75.905 1.063 "Fe" "V" 1402.769 16.000 23.75 0.08 3.42 "PHOT"
1402.880 0.354 75.905 1.063 "Si" "IV" 1402.770 1.800 23.54 0.08 0.39 "PHOT"
1402.880 0.354 75.905 1.063 "Al" "IV" 1402.776 18.000 22.25 0.08 3.85 "PHOT"
1403.481 1.197 5.752 0.769 "Fe" "V" 1403.369 11.000 23.95 0.26 2.36 "PHOT"
1403.481 1.197 5.752 0.769 "Fe" "V" 1403.377 11.000 22.24 0.26 2.36 "PHOT"
1404.378 2.483 3.664 0.886 "Fe" "V" 1404.260 11.000 25.20 0.53 2.41 "PHOT"
1406.782 0.610 17.743 0.911 "Ni" "VI" 1406.662 18.000 25.56 0.13 3.84 "PHOT"
1406.782 0.610 17.743 0.911 "Fe" "V" 1406.668 11.000 24.29 0.13 2.35 "PHOT"
1406.940 0.830 15.231 0.958 "Fe" "V" 1406.824 11.000 24.69 0.18 2.35 "PHOT"
1407.116 2.892 3.129 0.568 "N" "III" 1406.990 130.000 26.80 0.62 27.71 "PHOT"
1407.116 2.892 3.129 0.568 "Fe" "V" 1407.010 11.000 22.54 0.62 2.42 "PHOT"
1407.359 0.576 17.555 0.863 "Ni" "IV" 1407.232 0.000 27.01 0.12 0.12 "PHOT"
1407.359 0.576 17.555 0.863 "Fe" "V" 1407.248 11.000 23.60 0.12 2.35 "PHOT"
1407.359 0.576 17.555 0.863 "Ni" "V" 1407.250 18.000 23.17 0.12 3.84 "PHOT"
1407.359 0.576 17.555 0.863 "Fe" "V" 1407.256 16.000 21.89 0.12 3.41 "PHOT"
1408.233 0.907 12.248 0.570 "Fe" "V" 1408.118 11.000 24.47 0.19 2.35 "PHOT"
1408.815 1.562 4.893 0.816 "Ni" "IV" 1408.715 18.000 21.32 0.33 3.85 "PHOT"
1409.142 0.687 14.732 0.872 "Fe" "IV" 1409.021 1.800 25.80 0.15 0.41 "PHOT"
1409.142 0.687 14.732 0.872 "Fe" "V" 1409.026 11.000 24.73 0.15 2.34 "PHOT"
1409.336 0.548 18.646 0.850 "N" "III" 1409.210 130.000 26.88 0.12 27.66 "PHOT"
1409.336 0.548 18.646 0.850 "N" "IV" 1409.211 18.000 26.67 0.12 3.83 "PHOT"
1409.336 0.548 18.646 0.850 "Fe" "V" 1409.225 11.000 23.69 0.12 2.34 "PHOT"
1409.336 0.548 18.646 0.850 "Ni" "VI" 1409.235 18.000 21.56 0.12 3.83 "PHOT"
1409.336 0.548 18.646 0.850 "Ni" "V" 1409.237 18.000 21.14 0.12 3.83 "PHOT"
1409.567 0.480 27.942 0.845 "Fe" "V" 1409.453 11.000 24.25 0.10 2.34 "PHOT"
1409.962 0.799 8.317 0.630 "Ni" "IV" 1409.841 18.000 25.69 0.17 3.83 "PHOT"
1409.962 0.799 8.317 0.630 "Ni" "IV" 1409.845 18.000 24.84 0.17 3.83 "PHOT"
1409.962 0.799 8.317 0.630 "Fe" "V" 1409.851 11.000 23.56 0.17 2.35 "PHOT"
1411.566 0.943 6.977 0.794 "Ni" "IV" 1411.451 18.000 24.41 0.20 3.83 "PHOT"
1411.681 1.062 10.139 0.923 "Fe" "V" 1411.566 11.000 24.40 0.23 2.35 "PHOT"
1411.681 1.062 10.139 0.923 "Fe" "IV" 1411.577 1.800 22.07 0.23 0.44 "PHOT"
1414.369 3.668 2.643 0.812 "Fe" "IV" 1414.251 1.800 25.03 0.78 0.87 "PHOT"
1414.710 1.632 4.644 0.436 "Ni" "IV" 1414.597 18.000 23.86 0.35 3.83 "PHOT"
1414.950 1.155 3.041 0.530 "Fe" "V" 1414.831 11.000 25.31 0.24 2.34 "PHOT"
1415.251 1.506 2.422 0.566 "Fe" "V" 1415.140 11.000 23.41 0.32 2.35 "PHOT"
1415.306 0.551 13.364 0.717 "Fe" "V" 1415.200 11.000 22.37 0.12 2.33 "PHOT"
1415.306 0.551 13.364 0.717 "Si" "VI" 1415.200 1300.000 22.37 0.12 275.39 "PHOT"
1415.306 0.551 13.364 0.717 "Ni" "VI" 1415.204 18.000 21.52 0.12 3.81 "PHOT"
1416.337 1.077 8.564 0.897 "Fe" "V" 1416.222 11.000 24.31 0.23 2.34 "PHOT"
1416.640 2.113 3.987 0.881 "Ni" "IV" 1416.531 18.000 23.01 0.45 3.84 "PHOT"
1417.068 2.428 2.910 0.828 "Ni" "IV" 1416.958 18.000 23.33 0.51 3.84 "PHOT"
1417.068 2.428 2.910 0.828 "S" "IV" 1416.975 0.000 19.73 0.51 0.51 "PHOT"
1417.688 3.086 2.771 0.876 "Al" "IV" 1417.555 18.000 28.22 0.65 3.86 "PHOT"
1418.235 0.758 13.354 0.898 "Fe" "V" 1418.124 11.000 23.39 0.16 2.33 "PHOT"
1419.236 2.606 4.861 0.842 "Ni" "IV" 1419.126 18.000 23.25 0.55 3.84 "PHOT"
1419.409 0.800 8.552 0.645 "Fe" "V" 1419.295 11.000 24.11 0.17 2.33 "PHOT"
1419.561 3.053 2.223 0.671 "Ni" "IV" 1419.450 18.000 23.43 0.64 3.86 "PHOT"
1419.561 3.053 2.223 0.671 "Ni" "IV" 1419.452 0.000 23.01 0.64 0.64 "PHOT"
1419.690 1.807 5.615 0.481 "Ni" "IV" 1419.569 0.000 25.55 0.38 0.38 "PHOT"
1419.690 1.807 5.615 0.481 "Ni" "IV" 1419.577 18.000 23.86 0.38 3.82 "PHOT"
1420.240 0.981 5.865 0.624 "P" "IV" 1420.111 1.800 27.18 0.21 0.43 "PHOT"
1420.240 0.981 5.865 0.624 "O" "III" 1420.117 13.000 25.91 0.21 2.75 "PHOT"
1420.240 0.981 5.865 0.624 "Fe" "V" 1420.118 11.000 25.70 0.21 2.33 "PHOT"
1420.240 0.981 5.865 0.624 "Ni" "IV" 1420.126 18.000 24.01 0.21 3.81 "PHOT"
1420.240 0.981 5.865 0.624 "Fe" "IV" 1420.131 1.800 22.95 0.21 0.43 "PHOT"
1420.530 1.630 3.933 0.779 "Fe" "V" 1420.424 11.000 22.45 0.34 2.35 "PHOT"
1420.589 1.518 4.796 0.867 "Fe" "VI" 1420.463 18.000 26.61 0.32 3.81 "PHOT"
1420.589 1.518 4.796 0.867 "Fe" "V" 1420.477 11.000 23.66 0.32 2.34 "PHOT"
1420.715 0.842 11.903 0.908 "Fe" "V" 1420.606 11.000 22.90 0.18 2.33 "PHOT"
1421.135 3.038 4.271 1.082 "Fe" "V" 1421.014 11.000 25.57 0.64 2.41 "PHOT"
1421.135 3.038 4.271 1.082 "O" "III" 1421.021 1.800 24.10 0.64 0.74 "PHOT"
1421.332 1.274 6.179 0.850 "Ni" "IV" 1421.216 18.000 24.47 0.27 3.81 "PHOT"
1421.332 1.274 6.179 0.850 "Ni" "IV" 1421.226 18.000 22.36 0.27 3.81 "PHOT"
1422.593 1.342 6.009 0.839 "O" "III" 1422.471 1.800 25.73 0.28 0.47 "PHOT"
1422.593 1.342 6.009 0.839 "Fe" "V" 1422.479 11.000 24.05 0.28 2.34 "PHOT"
1422.593 1.342 6.009 0.839 "O" "III" 1422.495 13.000 20.67 0.28 2.75 "PHOT"
1425.208 2.124 1.824 0.573 "Fe" "V" 1425.086 11.000 25.59 0.45 2.36 "PHOT"
1425.208 2.124 1.824 0.573 "Al" "VI" 1425.100 1800.000 22.64 0.45 378.66 "PHOT"
1425.841 2.629 3.601 0.931 "Fe" "IV" 1425.729 1.800 23.49 0.55 0.67 "PHOT"
1426.480 2.251 3.858 0.838 "Ni" "IV" 1426.371 18.000 22.96 0.47 3.81 "PHOT"
1429.043 2.834 4.776 0.960 "Ni" "IV" 1428.933 18.000 23.07 0.59 3.82 "PHOT"
1429.120 1.253 9.135 0.868 "Fe" "V" 1429.006 12.000 23.91 0.26 2.53 "PHOT"
1429.590 0.691 17.688 0.785 "Fe" "V" 1429.470 12.000 25.09 0.14 2.52 "PHOT"
1430.298 1.482 3.702 0.693 "N" "III" 1430.190 130.000 22.68 0.31 27.25 "PHOT"
1430.298 1.482 3.702 0.693 "Ni" "IV" 1430.190 18.000 22.68 0.31 3.79 "PHOT"
1430.423 1.567 4.120 0.745 "N" "IV" 1430.298 18.000 26.13 0.33 3.79 "PHOT"
1430.423 1.567 4.120 0.745 "Fe" "V" 1430.312 12.000 23.20 0.33 2.54 "PHOT"
1430.539 2.831 2.668 0.794 "P" "III" 1430.410 1.800 27.06 0.59 0.70 "PHOT"
1430.539 2.831 2.668 0.794 "Ni" "IV" 1430.429 18.000 23.08 0.59 3.82 "PHOT"
1430.691 0.458 25.871 0.847 "N" "III" 1430.568 18.000 25.70 0.10 3.77 "PHOT"
1430.691 0.458 25.871 0.847 "Fe" "V" 1430.572 12.000 24.87 0.10 2.52 "PHOT"
1430.865 1.232 4.877 0.717 "Si" "V" 1430.740 180.000 26.19 0.26 37.72 "PHOT"
1430.865 1.232 4.877 0.717 "Fe" "V" 1430.748 17.000 24.51 0.26 3.57 "PHOT"
1430.865 1.232 4.877 0.717 "Fe" "V" 1430.754 12.000 23.26 0.26 2.53 "PHOT"
1431.123 3.141 3.223 0.562 "Ni" "IV" 1431.012 18.000 23.25 0.66 3.83 "PHOT"
1431.547 1.928 3.072 0.717 "Fe" "IV" 1431.432 1.800 24.09 0.40 0.55 "PHOT"
1432.572 3.224 2.751 0.526 "Ni" "IV" 1432.449 18.000 25.71 0.67 3.83 "PHOT"
1433.202 1.557 5.307 0.796 "Ni" "VI" 1433.077 18.000 26.11 0.33 3.78 "PHOT"
1433.202 1.557 5.307 0.796 "Fe" "V" 1433.092 12.000 22.97 0.33 2.53 "PHOT"
1435.155 1.070 7.046 0.757 "Ge" "V" 1435.030 180.000 26.17 0.22 37.60 "PHOT"
1435.155 1.070 7.046 0.757 "Si" "V" 1435.030 180.000 26.17 0.22 37.60 "PHOT"
1435.155 1.070 7.046 0.757 "Fe" "V" 1435.048 12.000 22.41 0.22 2.52 "PHOT"
1435.343 1.815 4.926 0.541 "N" "III" 1435.220 130.000 25.73 0.38 27.16 "PHOT"
1435.343 1.815 4.926 0.541 "Fe" "V" 1435.235 17.000 22.60 0.38 3.57 "PHOT"
1435.343 1.815 4.926 0.541 "Ni" "IV" 1435.243 18.000 20.93 0.38 3.78 "PHOT"
1437.502 2.804 2.590 0.757 "Fe" "IV" 1437.378 1.800 25.72 0.58 0.69 "PHOT"
1437.502 2.804 2.590 0.757 "Ni" "IV" 1437.387 18.000 23.89 0.58 3.80 "PHOT"
1438.053 2.122 2.080 0.396 "Ni" "IV" 1437.937 18.000 24.28 0.44 3.78 "PHOT"
1438.923 1.124 7.606 0.660 "Ni" "IV" 1438.814 18.000 22.78 0.23 3.76 "PHOT"
1439.167 1.079 5.224 0.589 "Ni" "IV" 1439.039 0.000 26.59 0.22 0.22 "PHOT"
1439.167 1.079 5.224 0.589 "Fe" "V" 1439.050 12.000 24.30 0.22 2.51 "PHOT"
1439.167 1.079 5.224 0.589 "Ni" "IV" 1439.052 18.000 23.88 0.22 3.76 "PHOT"
1439.696 1.513 2.700 0.555 "Ni" "IV" 1439.584 18.000 23.26 0.32 3.76 "PHOT"
1440.642 0.473 22.185 0.826 "Fe" "V" 1440.528 12.000 23.65 0.10 2.50 "PHOT"
1440.907 1.225 6.523 0.799 "Fe" "V" 1440.793 12.000 23.64 0.25 2.51 "PHOT"
1440.907 1.225 6.523 0.799 "Ni" "IV" 1440.798 18.000 22.60 0.25 3.75 "PHOT"
1441.162 0.642 13.721 0.785 "Fe" "V" 1441.049 12.000 23.48 0.13 2.50 "PHOT"
1442.244 2.750 3.909 0.895 "Ni" "IV" 1442.130 19.000 23.70 0.57 3.99 "PHOT"
1442.336 0.640 16.883 0.860 "Fe" "V" 1442.215 12.000 25.19 0.13 2.50 "PHOT"
1444.530 1.574 3.406 0.574 "Ni" "IV" 1444.417 19.000 23.41 0.33 3.96 "PHOT"
1444.530 1.574 3.406 0.574 "Ni" "IV" 1444.431 0.000 20.51 0.33 0.33 "PHOT"
1444.530 1.574 3.406 0.574 "Ni" "V" 1444.435 0.000 19.68 0.33 0.33 "PHOT"
1445.014 1.946 3.201 0.738 "N" "IV" 1444.886 19.000 26.50 0.40 3.96 "PHOT"
1445.014 1.946 3.201 0.738 "Fe" "IV" 1444.903 1.900 22.97 0.40 0.56 "PHOT"
1446.730 0.567 17.436 0.808 "Fe" "V" 1446.617 12.000 23.40 0.12 2.49 "PHOT"
1448.605 0.695 10.229 0.651 "Fe" "V" 1448.488 12.000 24.28 0.14 2.49 "PHOT"
1448.605 0.695 10.229 0.651 "Fe" "IV" 1448.489 1.900 24.08 0.14 0.42 "PHOT"
1448.960 0.399 20.060 0.618 "Fe" "IV" 1448.832 1.900 26.54 0.08 0.40 "PHOT"
1448.960 0.399 20.060 0.618 "Fe" "V" 1448.847 12.000 23.43 0.08 2.48 "PHOT"
1449.128 1.282 6.765 0.669 "Fe" "V" 1449.000 3200.000 26.49 0.27 662.07 "PHOT"
1449.128 1.282 6.765 0.669 "Ni" "IV" 1449.021 19.000 22.14 0.27 3.94 "PHOT"
1449.884 2.413 3.711 0.806 "Ni" "VI" 1449.757 0.000 26.25 0.50 0.50 "PHOT"
1449.884 2.413 3.711 0.806 "Fe" "V" 1449.761 12.000 25.42 0.50 2.53 "PHOT"
1449.884 2.413 3.711 0.806 "N" "IV" 1449.767 19.000 24.18 0.50 3.96 "PHOT"
1449.884 2.413 3.711 0.806 "Fe" "IV" 1449.772 1.900 23.14 0.50 0.64 "PHOT"
1449.884 2.413 3.711 0.806 "Ni" "IV" 1449.778 19.000 21.90 0.50 3.96 "PHOT"
1450.038 0.938 10.253 0.846 "Fe" "V" 1449.929 12.000 22.61 0.19 2.49 "PHOT"
1450.038 0.938 10.253 0.846 "Ni" "II" 1449.997 1.900 8.55 0.19 0.44 "ISM2"
1451.221 2.836 3.362 0.867 "Ni" "VI" 1451.097 19.000 25.57 0.59 3.97 "PHOT"
1451.221 2.836 3.362 0.867 "Fe" "V" 1451.101 12.000 24.74 0.59 2.55 "PHOT"
1452.338 0.994 12.232 0.571 "Ni" "IV" 1452.220 19.000 24.26 0.21 3.93 "PHOT"
1453.734 0.570 14.887 0.660 "Fe" "IV" 1453.606 1.900 26.49 0.12 0.41 "PHOT"
1453.734 0.570 14.887 0.660 "Fe" "V" 1453.617 12.000 24.23 0.12 2.48 "PHOT"
1454.814 0.870 8.726 0.729 "Fe" "V" 1454.683 12.000 26.93 0.18 2.48 "PHOT"
1454.814 0.870 8.726 0.729 "Fe" "V" 1454.700 12.000 23.42 0.18 2.48 "PHOT"
1455.533 2.238 6.071 0.642 "Ni" "V" 1455.420 19.000 23.21 0.46 3.94 "PHOT"
1455.533 2.238 6.071 0.642 "Ni" "IV" 1455.422 19.000 22.80 0.46 3.94 "PHOT"
1455.675 0.640 17.391 0.877 "Fe" "V" 1455.555 12.000 24.78 0.13 2.48 "PHOT"
1456.278 0.567 16.682 0.817 "Fe" "V" 1456.162 12.000 23.97 0.12 2.47 "PHOT"
1456.400 1.093 6.025 0.756 "Fe" "V" 1456.289 12.000 22.86 0.23 2.48 "PHOT"
1457.842 1.027 8.175 0.821 "Fe" "V" 1457.732 12.000 22.69 0.21 2.48 "PHOT"
1459.369 0.900 8.403 0.647 "Fe" "V" 1459.253 12.000 23.83 0.18 2.47 "PHOT"
1459.369 0.900 8.403 0.647 "Fe" "IV" 1459.257 1.900 23.01 0.18 0.43 "PHOT"
1459.369 0.900 8.403 0.647 "Si" "V" 1459.260 190.000 22.40 0.18 39.03 "PHOT"
1459.912 3.632 11.779 1.951 "Fe" "V" 1459.769 12.000 29.28 0.75 2.57 "PHOT"
1459.932 1.588 30.348 1.643 "Fe" "V" 1459.828 12.000 21.45 0.33 2.49 "PHOT"
1459.960 2.105 14.114 1.905 "Fe" "V" 1459.828 12.000 27.05 0.43 2.50 "PHOT"
1460.845 0.793 8.427 0.768 "Fe" "V" 1460.722 17.000 25.16 0.16 3.49 "PHOT"
1460.845 0.793 8.427 0.768 "Fe" "V" 1460.730 12.000 23.52 0.16 2.47 "PHOT"
1461.177 3.498 4.976 0.699 "Fe" "V" 1461.053 12.000 25.43 0.72 2.56 "PHOT"
1461.177 3.498 4.976 0.699 "Fe" "IV" 1461.079 1.900 20.01 0.72 0.82 "PHOT"
1462.749 0.655 13.986 0.827 "Fe" "V" 1462.636 12.000 23.11 0.13 2.46 "PHOT"
1464.801 0.417 20.284 0.668 "Fe" "V" 1464.686 12.000 23.46 0.09 2.46 "PHOT"
1464.801 0.417 20.284 0.668 "Fe" "IV" 1464.695 1.900 21.62 0.09 0.40 "PHOT"
1464.996 1.251 5.207 0.680 "Fe" "V" 1464.873 12.000 25.08 0.26 2.47 "PHOT"
1464.996 1.251 5.207 0.680 "Ni" "V" 1464.875 19.000 24.67 0.26 3.90 "PHOT"
1465.503 0.599 14.868 0.777 "Fe" "V" 1465.380 12.000 25.17 0.12 2.46 "PHOT"
1465.503 0.599 14.868 0.777 "Al" "V" 1465.393 19.000 22.51 0.12 3.89 "PHOT"
1466.766 0.673 12.999 0.758 "Fe" "V" 1466.650 12.000 23.71 0.14 2.46 "PHOT"
1469.024 0.752 10.096 0.633 "Fe" "V" 1468.908 12.000 23.75 0.15 2.45 "PHOT"
1469.024 0.752 10.096 0.633 "O" "III" 1468.915 1.900 22.32 0.15 0.42 "PHOT"
1469.119 0.470 15.510 0.618 "Fe" "V" 1468.998 12.000 24.76 0.10 2.45 "PHOT"
1472.217 0.637 13.186 0.748 "Fe" "V" 1472.095 12.000 24.91 0.13 2.45 "PHOT"
1472.217 0.637 13.186 0.748 "Fe" "V" 1472.106 17.000 22.67 0.13 3.46 "PHOT"
1472.630 0.680 11.883 0.746 "Ni" "IV" 1472.502 0.000 26.16 0.14 0.14 "PHOT"
1472.630 0.680 11.883 0.746 "Fe" "V" 1472.511 12.000 24.33 0.14 2.45 "PHOT"
1472.630 0.680 11.883 0.746 "Ni" "VI" 1472.513 19.000 23.92 0.14 3.87 "PHOT"
1472.752 1.581 3.345 0.673 "N" "III" 1472.620 19.000 26.82 0.32 3.88 "PHOT"
1472.752 1.581 3.345 0.673 "Ni" "IV" 1472.626 19.000 25.60 0.32 3.88 "PHOT"
1473.322 2.834 4.460 0.592 "Fe" "IV" 1473.206 1.900 23.54 0.58 0.69 "PHOT"
1474.393 2.409 2.406 0.607 "O" "IV" 1474.270 190.000 25.05 0.49 38.64 "PHOT"
1474.393 2.409 2.406 0.607 "Fe" "V" 1474.276 12.000 23.82 0.49 2.49 "PHOT"
1475.724 1.390 8.164 0.900 "Al" "V" 1475.600 1400.000 25.20 0.28 284.43 "PHOT"
1475.724 1.390 8.164 0.900 "Fe" "V" 1475.605 12.000 24.19 0.28 2.45 "PHOT"
1476.929 1.886 3.890 0.762 "Fe" "IV" 1476.815 14.000 23.09 0.38 2.87 "PHOT"
1476.929 1.886 3.890 0.762 "Ni" "IV" 1476.815 19.000 23.09 0.38 3.88 "PHOT"
1477.934 2.463 3.803 0.838 "Fe" "V" 1477.797 12.000 27.86 0.50 2.49 "PHOT"
1477.934 2.463 3.803 0.838 "Al" "V" 1477.800 1400.000 27.25 0.50 284.01 "PHOT"
1477.934 2.463 3.803 0.838 "Al" "VI" 1477.800 1900.000 27.25 0.50 385.44 "PHOT"
1478.442 2.903 3.443 0.897 "C" "III" 1478.326 1.900 23.46 0.59 0.70 "PHOT"
1478.442 2.903 3.443 0.897 "S" "IV" 1478.334 19.000 21.88 0.59 3.90 "PHOT"
1478.898 2.093 1.991 0.614 "Fe" "V" 1478.785 12.000 22.91 0.42 2.47 "PHOT"
1479.592 0.564 12.309 0.607 "Fe" "V" 1479.476 12.000 23.41 0.11 2.43 "PHOT"
1479.592 0.564 12.309 0.607 "P" "III" 1479.479 2.000 22.81 0.11 0.42 "PHOT"
1482.367 1.552 4.008 0.728 "Fe" "IV" 1482.241 2.000 25.49 0.31 0.51 "PHOT"
1482.367 1.552 4.008 0.728 "Ni" "IV" 1482.248 20.000 24.08 0.31 4.06 "PHOT"
1482.787 2.705 3.788 0.901 "S" "IV" 1482.663 20.000 25.09 0.55 4.08 "PHOT"
1482.787 2.705 3.788 0.901 "Ni" "IV" 1482.665 20.000 24.68 0.55 4.08 "PHOT"
1483.293 3.537 4.306 1.091 "Fe" "IV" 1483.158 2.000 27.19 0.71 0.82 "PHOT"
1483.378 1.588 5.634 0.860 "Fe" "V" 1483.259 12.000 24.05 0.32 2.45 "PHOT"
1485.132 2.460 3.282 0.671 "Fe" "V" 1485.017 12.000 23.14 0.50 2.47 "PHOT"
1485.571 1.655 5.768 0.812 "N" "III" 1485.440 20.000 26.43 0.33 4.05 "PHOT"
1485.571 1.655 5.768 0.812 "Fe" "V" 1485.451 12.000 24.21 0.33 2.44 "PHOT"
1489.358 1.684 5.057 0.813 "Fe" "V" 1489.225 24.000 26.76 0.34 4.84 "PHOT"
1489.358 1.684 5.057 0.813 "Fe" "V" 1489.243 13.000 23.13 0.34 2.64 "PHOT"
1489.358 1.684 5.057 0.813 "Ni" "V" 1489.248 20.000 22.13 0.34 4.04 "PHOT"
1489.653 1.270 4.047 0.633 "Fe" "IV" 1489.528 2.000 25.12 0.26 0.48 "PHOT"
1489.653 1.270 4.047 0.633 "Ni" "IV" 1489.529 20.000 24.92 0.26 4.03 "PHOT"
1489.653 1.270 4.047 0.633 "Fe" "IV" 1489.540 2.000 22.71 0.26 0.48 "PHOT"
1489.950 1.237 3.610 0.549 "Ni" "IV" 1489.836 20.000 22.91 0.25 4.03 "PHOT"
1492.737 6.450 4.048 1.247 "Ni" "IV" 1492.646 20.000 18.28 1.30 4.22 "PHOT"
1492.764 4.072 5.692 0.765 "Ni" "IV" 1492.646 20.000 23.67 0.82 4.10 "PHOT"
1493.130 2.507 4.184 0.886 "N" "IV" 1493.010 140.000 24.15 0.50 28.12 "PHOT"
1493.130 2.507 4.184 0.886 "Ni" "IV" 1493.019 0.000 22.34 0.50 0.50 "PHOT"
1493.801 1.686 8.429 0.638 "Ni" "IV" 1493.672 20.000 25.95 0.34 4.03 "PHOT"
1493.801 1.686 8.429 0.638 "Fe" "V" 1493.679 18.000 24.54 0.34 3.63 "PHOT"
1495.294 2.614 2.899 0.650 "Si" "III" 1495.171 2.000 24.62 0.52 0.66 "PHOT"
1495.294 2.614 2.899 0.650 "Fe" "IV" 1495.178 2.000 23.21 0.52 0.66 "PHOT"
1495.917 2.048 3.855 0.652 "Ni" "IV" 1495.797 20.000 24.15 0.41 4.03 "PHOT"
1495.917 2.048 3.855 0.652 "C" "V" 1495.800 69.000 23.55 0.41 13.84 "PHOT"
1495.917 2.048 3.855 0.652 "Fe" "IV" 1495.808 2.000 21.94 0.41 0.57 "PHOT"
1496.386 0.897 9.276 0.708 "Fe" "V" 1496.265 13.000 24.23 0.18 2.61 "PHOT"
1496.386 0.897 9.276 0.708 "P" "V" 1496.276 14.000 22.03 0.18 2.81 "PHOT"
1498.894 1.914 2.607 0.592 "Ni" "IV" 1498.763 20.000 26.21 0.38 4.02 "PHOT"
1499.013 1.445 4.210 0.629 "Ni" "IV" 1498.893 20.000 23.95 0.29 4.01 "PHOT"
1499.013 1.445 4.210 0.629 "Fe" "V" 1498.902 18.000 22.15 0.29 3.61 "PHOT"
1499.363 2.235 3.376 0.441 "N" "IV" 1499.230 20.000 26.54 0.45 4.02 "PHOT"
1499.363 2.235 3.376 0.441 "Fe" "V" 1499.232 13.000 26.14 0.45 2.64 "PHOT"
1499.571 3.365 2.140 0.703 "Fe" "IV" 1499.442 2.000 25.79 0.67 0.78 "PHOT"
1500.092 2.595 9.278 0.601 "Fe" "V" 1499.970 13.000 24.30 0.52 2.65 "PHOT"
1500.092 2.595 9.278 0.601 "Ni" "IV" 1499.972 20.000 23.90 0.52 4.03 "PHOT"
1500.092 2.595 9.278 0.601 "Ni" "V" 1499.972 20.000 23.90 0.52 4.03 "PHOT"
1501.908 0.435 25.954 0.759 "Si" "III" 1501.780 2.000 25.54 0.09 0.41 "PHOT"
1504.479 4.546 3.544 0.895 "Ni" "IV" 1504.357 20.000 24.22 0.91 4.09 "PHOT"
1505.888 1.846 2.093 0.464 "Ni" "IV" 1505.754 20.000 26.61 0.37 4.00 "PHOT"
1505.888 1.846 2.093 0.464 "Fe" "IV" 1505.765 2.000 24.40 0.37 0.54 "PHOT"
1509.230 3.071 5.231 0.579 "Ni" "IV" 1509.101 20.000 25.54 0.61 4.02 "PHOT"
1512.846 2.723 2.682 0.814 "Fe" "IV" 1512.725 2.000 23.91 0.54 0.67 "PHOT"
1516.791 1.093 4.298 0.514 "Ni" "IV" 1516.668 20.000 24.28 0.22 3.96 "PHOT"
1517.904 1.968 2.425 0.673 "Fe" "IV" 1517.783 2.100 23.84 0.39 0.57 "PHOT"
1517.904 1.968 2.425 0.673 "Fe" "V" 1517.787 13.000 23.05 0.39 2.60 "PHOT"
1519.137 4.199 2.939 0.570 "O" "IV" 1519.020 210.000 23.14 0.83 41.45 "PHOT"
1519.137 4.199 2.939 0.570 "P" "III" 1519.025 2.100 22.16 0.83 0.93 "PHOT"
1519.718 3.293 2.712 0.508 "Fe" "IV" 1519.602 2.100 22.96 0.65 0.77 "PHOT"
1519.718 3.293 2.712 0.508 "Ni" "IV" 1519.604 21.000 22.57 0.65 4.19 "PHOT"
1520.752 1.132 6.001 0.711 "Ni" "IV" 1520.621 21.000 25.90 0.22 4.15 "PHOT"
1524.044 2.465 3.709 0.831 "O" "III" 1523.911 2.100 26.14 0.48 0.64 "PHOT"
1524.044 2.465 3.709 0.831 "Fe" "IV" 1523.923 2.100 23.78 0.48 0.64 "PHOT"
1525.435 0.927 8.497 0.741 "O" "IV" 1525.300 150.000 26.56 0.18 29.48 "PHOT"
1525.435 0.927 8.497 0.741 "Ni" "IV" 1525.306 21.000 25.38 0.18 4.13 "PHOT"
1525.435 0.927 8.497 0.741 "N" "III" 1525.311 21.000 24.40 0.18 4.13 "PHOT"
1525.435 0.927 8.497 0.741 "Fe" "IV" 1525.312 2.100 24.20 0.18 0.45 "PHOT"
1526.191 1.258 5.816 0.741 "Fe" "IV" 1526.066 2.100 24.58 0.25 0.48 "PHOT"
1526.805 0.222 17.068 0.552 "Ni" "VI" 1526.687 21.000 23.23 0.04 4.12 "PHOT"
1526.805 0.222 17.068 0.552 "N" "IV" 1526.699 21.000 20.87 0.04 4.12 "PHOT"
1526.805 0.222 17.068 0.552 "Si" "II" 1526.707 1.500 19.30 0.04 0.30 "ISM1"
1526.750 0.171 38.463 0.640 "Si" "II" 1526.707 1.500 8.46 0.03 0.30 "ISM2"
1527.811 1.699 5.065 0.417 "Ni" "IV" 1527.685 21.000 24.79 0.33 4.13 "PHOT"
1527.912 1.037 4.677 0.537 "Ni" "IV" 1527.793 21.000 23.34 0.20 4.13 "PHOT"
1530.379 1.146 5.378 0.704 "Fe" "IV" 1530.256 2.100 24.16 0.22 0.47 "PHOT"
1530.569 2.031 4.936 0.845 "Fe" "V" 1530.440 13.000 25.29 0.40 2.58 "PHOT"
1531.348 2.081 4.428 0.818 "Fe" "IV" 1531.223 2.100 24.56 0.41 0.58 "PHOT"
1531.348 2.081 4.428 0.818 "Ge" "VI" 1531.227 21.000 23.78 0.41 4.13 "PHOT"
1532.439 2.970 2.364 0.494 "Ni" "V" 1532.320 21.000 23.35 0.58 4.15 "PHOT"
1532.439 2.970 2.364 0.494 "Fe" "V" 1532.330 13.000 21.39 0.58 2.61 "PHOT"
1532.607 3.244 3.046 0.559 "Fe" "IV" 1532.490 2.100 22.98 0.63 0.76 "PHOT"
1532.761 1.190 8.159 0.796 "N" "IV" 1532.621 21.000 27.46 0.23 4.11 "PHOT"
1532.761 1.190 8.159 0.796 "Fe" "IV" 1532.630 2.100 25.70 0.23 0.47 "PHOT"
1532.761 1.190 8.159 0.796 "Fe" "V" 1532.647 13.000 22.37 0.23 2.55 "PHOT"
1533.030 0.942 7.337 0.682 "Fe" "IV" 1532.903 2.100 24.76 0.18 0.45 "PHOT"
1533.391 2.878 4.665 0.913 "Fe" "IV" 1533.267 2.100 24.31 0.56 0.70 "PHOT"
1533.511 2.612 3.377 0.688 "Fe" "V" 1533.387 13.000 24.26 0.51 2.59 "PHOT"
1533.511 2.612 3.377 0.688 "O" "III" 1533.387 2.100 24.26 0.51 0.66 "PHOT"
1533.702 3.356 1.719 0.388 "N" "III" 1533.575 21.000 24.86 0.66 4.16 "PHOT"
1533.702 3.356 1.719 0.388 "Fe" "IV" 1533.578 2.100 24.27 0.66 0.77 "PHOT"
1533.702 3.356 1.719 0.388 "P" "IV" 1533.581 15.000 23.69 0.66 3.00 "PHOT"
1533.702 3.356 1.719 0.388 "Fe" "V" 1533.594 25.000 21.15 0.66 4.93 "PHOT"
1533.990 1.447 13.614 1.109 "Fe" "IV" 1533.869 2.100 23.70 0.28 0.50 "PHOT"
1534.075 1.620 6.744 0.900 "Fe" "IV" 1533.949 2.100 24.55 0.32 0.52 "PHOT"
1534.837 0.847 7.189 0.728 "Ni" "IV" 1534.710 21.000 24.77 0.17 4.11 "PHOT"
1536.702 1.669 5.342 0.807 "Fe" "IV" 1536.577 2.100 24.39 0.33 0.52 "PHOT"
1537.373 1.972 7.102 0.614 "Fe" "IV" 1537.237 2.100 26.51 0.38 0.56 "PHOT"
1537.373 1.972 7.102 0.614 "Ni" "IV" 1537.248 21.000 24.36 0.38 4.11 "PHOT"
1538.247 3.237 3.843 0.619 "N" "III" 1538.111 21.000 26.43 0.63 4.14 "PHOT"
1538.247 3.237 3.843 0.619 "Fe" "IV" 1538.122 2.100 24.28 0.63 0.75 "PHOT"
1538.407 1.601 2.925 0.645 "Fe" "IV" 1538.286 2.100 23.65 0.31 0.51 "PHOT"
1539.051 1.108 5.667 0.608 "Ni" "IV" 1538.923 21.000 25.02 0.22 4.10 "PHOT"
1539.051 1.108 5.667 0.608 "Fe" "IV" 1538.926 2.100 24.44 0.22 0.46 "PHOT"
1542.279 0.946 8.053 0.769 "Fe" "IV" 1542.155 2.100 24.01 0.18 0.45 "PHOT"
1542.826 0.739 14.067 0.844 "Fe" "IV" 1542.698 2.100 24.95 0.14 0.43 "PHOT"
1542.826 0.739 14.067 0.844 "N" "III" 1542.705 21.000 23.59 0.14 4.08 "PHOT"
1543.365 1.286 4.776 0.740 "Fe" "V" 1543.236 13.000 25.03 0.25 2.54 "PHOT"
1543.537 3.261 7.684 1.239 "Ni" "IV" 1543.422 21.000 22.26 0.63 4.13 "PHOT"
1543.537 3.261 7.684 1.239 "N" "IV" 1543.429 21.000 20.91 0.63 4.13 "PHOT"
1544.202 2.446 1.129 0.295 "Ni" "IV" 1544.075 21.000 24.65 0.47 4.10 "PHOT"
1544.362 2.826 2.983 0.749 "N" "III" 1544.227 21.000 26.29 0.55 4.11 "PHOT"
1544.362 2.826 2.983 0.749 "Fe" "V" 1544.232 13.000 25.32 0.55 2.58 "PHOT"
1544.616 0.879 7.359 0.629 "Fe" "IV" 1544.486 2.100 25.30 0.17 0.44 "PHOT"
1545.520 2.013 1.949 0.451 "Ni" "IV" 1545.394 21.000 24.53 0.39 4.09 "PHOT"
1546.359 1.780 5.348 0.891 "Ni" "IV" 1546.233 21.000 24.39 0.35 4.09 "PHOT"
1546.359 1.780 5.348 0.891 "N" "III" 1546.240 21.000 23.03 0.35 4.09 "PHOT"
1546.526 1.805 6.312 0.925 "Fe" "IV" 1546.404 2.100 23.68 0.35 0.54 "PHOT"
1546.526 1.805 6.312 0.925 "O" "III" 1546.407 2.100 23.10 0.35 0.54 "PHOT"
1548.239 0.441 84.761 1.968 "C" "IV" 1548.195 27.000 8.60 0.09 5.23 "ISM2"
1548.345 1.405 85.771 2.343 "C" "IV" 1548.195 27.000 29.06 0.27 5.24 "PHOT"
1550.816 0.458 72.439 1.712 "C" "IV" 1550.772 27.000 8.53 0.09 5.22 "ISM2"
1550.917 1.186 77.435 2.274 "C" "IV" 1550.772 27.000 28.04 0.23 5.22 "PHOT"
1551.035 1.600 2.453 0.674 "Fe" "V" 1550.907 14.000 24.65 0.31 2.72 "PHOT"
1552.329 1.810 2.137 0.435 "Fe" "IV" 1552.208 2.100 23.36 0.35 0.54 "PHOT"
1552.329 1.810 2.137 0.435 "Si" "VI" 1552.220 210.000 21.04 0.35 40.56 "PHOT"
1552.473 2.526 8.115 0.758 "Fe" "IV" 1552.349 2.100 24.04 0.49 0.63 "PHOT"
1552.826 2.548 5.116 0.646 "Fe" "IV" 1552.705 2.100 23.44 0.49 0.64 "PHOT"
1553.296 2.172 2.528 0.753 "Fe" "IV" 1553.171 2.100 24.22 0.42 0.58 "PHOT"
1553.416 2.836 5.358 0.673 "Fe" "IV" 1553.296 2.100 23.09 0.55 0.68 "PHOT"
1554.346 0.840 11.959 0.888 "Fe" "V" 1554.219 14.000 24.44 0.16 2.71 "PHOT"
1554.346 0.840 11.959 0.888 "Si" "I" 1554.296 1.500 9.58 0.16 0.33 "ISM2"
1557.305 2.742 2.654 0.874 "Ni" "VI" 1557.176 22.000 24.87 0.53 4.27 "PHOT"
1557.305 2.742 2.654 0.874 "Fe" "IV" 1557.182 2.200 23.72 0.53 0.68 "PHOT"
1557.421 3.220 5.672 1.225 "Ni" "IV" 1557.281 22.000 26.90 0.62 4.28 "PHOT"
1557.421 3.220 5.672 1.225 "N" "IV" 1557.288 22.000 25.55 0.62 4.28 "PHOT"
1557.582 2.326 4.879 0.644 "Fe" "IV" 1557.456 2.200 24.25 0.45 0.62 "PHOT"
1559.306 2.256 3.573 0.561 "Fe" "IV" 1559.188 2.200 22.71 0.43 0.61 "PHOT"
1560.056 3.066 3.182 0.941 "Ni" "IV" 1559.921 22.000 25.87 0.59 4.27 "PHOT"
1560.317 3.277 3.016 0.978 "Ni" "IV" 1560.179 22.000 26.53 0.63 4.27 "PHOT"
1560.395 1.497 7.828 1.027 "Fe" "IV" 1560.269 2.200 24.30 0.29 0.51 "PHOT"
1560.395 1.497 7.828 1.027 "Fe" "V" 1560.279 26.000 22.38 0.29 5.00 "PHOT"
1560.395 1.497 7.828 1.027 "C" "I" 1560.309 2.200 16.61 0.29 0.51 "ISM1"
1561.323 4.139 8.991 0.916 "Fe" "IV" 1561.197 2.200 24.25 0.79 0.90 "PHOT"
1561.323 4.139 8.991 0.916 "Fe" "V" 1561.205 14.000 22.71 0.79 2.80 "PHOT"
1562.387 2.713 7.221 0.706 "Fe" "IV" 1562.261 0.000 24.24 0.52 0.52 "PHOT"
1562.583 1.255 5.917 0.802 "Fe" "IV" 1562.460 2.200 23.64 0.24 0.49 "PHOT"
1562.583 1.255 5.917 0.802 "Fe" "V" 1562.461 14.000 23.45 0.24 2.70 "PHOT"
1562.873 1.619 12.354 0.766 "N" "III" 1562.732 22.000 27.09 0.31 4.23 "PHOT"
1562.873 1.619 12.354 0.766 "Fe" "IV" 1562.751 2.200 23.45 0.31 0.52 "PHOT"
1563.357 2.693 3.388 0.610 "Fe" "IV" 1563.231 2.200 24.10 0.52 0.67 "PHOT"
1563.705 2.810 3.762 0.997 "Fe" "IV" 1563.576 0.000 24.80 0.54 0.54 "PHOT"
1563.705 2.810 3.762 0.997 "Fe" "IV" 1563.583 2.200 23.46 0.54 0.68 "PHOT"
1563.705 2.810 3.762 0.997 "N" "III" 1563.602 22.000 19.81 0.54 4.25 "PHOT"
1566.380 2.147 5.073 0.991 "N" "III" 1566.247 22.000 25.54 0.41 4.23 "PHOT"
1566.380 2.147 5.073 0.991 "Fe" "IV" 1566.257 2.200 23.63 0.41 0.59 "PHOT"
1566.692 1.563 5.178 0.904 "O" "III" 1566.557 16.000 25.85 0.30 3.08 "PHOT"
1566.692 1.563 5.178 0.904 "Fe" "IV" 1566.568 2.200 23.75 0.30 0.52 "PHOT"
1568.081 2.150 3.580 0.716 "Fe" "IV" 1567.956 2.200 23.90 0.41 0.59 "PHOT"
1568.081 2.150 3.580 0.716 "O" "V" 1567.960 220.000 23.13 0.41 42.07 "PHOT"
1568.399 0.909 12.744 0.926 "Fe" "IV" 1568.259 2.200 26.76 0.17 0.46 "PHOT"
1568.399 0.909 12.744 0.926 "Fe" "IV" 1568.276 2.200 23.51 0.17 0.46 "PHOT"
1568.829 2.355 2.586 0.552 "Ni" "V" 1568.704 0.000 23.86 0.45 0.45 "PHOT"
1568.829 2.355 2.586 0.552 "Fe" "IV" 1568.716 2.200 21.56 0.45 0.62 "PHOT"
1569.346 1.528 5.721 0.925 "Fe" "IV" 1569.222 2.200 23.71 0.29 0.51 "PHOT"
1569.346 1.528 5.721 0.925 "Fe" "V" 1569.231 20.000 21.99 0.29 3.83 "PHOT"
1570.111 2.785 1.614 0.431 "Fe" "V" 1569.977 14.000 25.67 0.53 2.73 "PHOT"
1570.305 1.613 6.507 0.974 "Fe" "IV" 1570.178 2.200 24.27 0.31 0.52 "PHOT"
1570.539 1.641 5.396 0.909 "Fe" "IV" 1570.416 2.200 23.43 0.31 0.52 "PHOT"
1570.539 1.641 5.396 0.909 "Ni" "V" 1570.421 0.000 22.47 0.31 0.31 "PHOT"
1571.372 2.094 4.908 0.965 "Fe" "IV" 1571.244 2.200 24.39 0.40 0.58 "PHOT"
1574.726 4.411 5.176 1.443 "Fe" "IV" 1574.606 2.200 22.88 0.84 0.94 "PHOT"
1575.534 3.001 4.620 1.151 "Fe" "IV" 1575.407 2.200 24.12 0.57 0.71 "PHOT"
1575.746 3.438 4.305 1.190 "Al" "IV" 1575.619 22.000 24.13 0.65 4.24 "PHOT"
1575.746 3.438 4.305 1.190 "Fe" "IV" 1575.620 2.200 23.94 0.65 0.78 "PHOT"
1577.330 2.587 3.457 0.952 "Fe" "IV" 1577.205 2.200 23.76 0.49 0.65 "PHOT"
1577.889 3.111 3.395 1.024 "Ni" "IV" 1577.765 22.000 23.64 0.59 4.22 "PHOT"
1577.889 3.111 3.395 1.024 "Fe" "IV" 1577.781 2.200 20.58 0.59 0.72 "PHOT"
1578.870 2.219 3.082 0.608 "Fe" "IV" 1578.740 2.200 24.64 0.42 0.59 "PHOT"
1584.243 3.508 2.840 0.682 "Fe" "IV" 1584.116 2.200 24.12 0.66 0.78 "PHOT"
1584.243 3.508 2.840 0.682 "Fe" "IV" 1584.125 2.200 22.42 0.66 0.78 "PHOT"
1584.243 3.508 2.840 0.682 "O" "IV" 1584.130 160.000 21.47 0.66 30.29 "PHOT"
1584.665 4.034 4.475 1.324 "Fe" "V" 1584.535 14.000 24.54 0.76 2.76 "PHOT"
1584.665 4.034 4.475 1.324 "Fe" "V" 1584.545 27.000 22.65 0.76 5.17 "PHOT"
1585.965 2.168 2.963 0.859 "Fe" "IV" 1585.838 2.200 24.03 0.41 0.58 "PHOT"
1588.244 3.994 2.473 0.680 "Fe" "IV" 1588.128 2.200 21.96 0.75 0.86 "PHOT"
1591.621 2.676 3.193 0.849 "Ni" "IV" 1591.475 23.000 27.50 0.50 4.36 "PHOT"
1591.621 2.676 3.193 0.849 "Ni" "VI" 1591.498 23.000 23.17 0.50 4.36 "PHOT"
1592.176 1.428 11.760 1.228 "Fe" "IV" 1592.050 2.300 23.70 0.27 0.51 "PHOT"
1596.192 1.909 2.850 0.903 "Fe" "IV" 1596.061 2.300 24.60 0.36 0.56 "PHOT"
1596.192 1.909 2.850 0.903 "Ni" "IV" 1596.065 23.000 23.92 0.36 4.34 "PHOT"
1598.127 2.610 5.741 1.190 "Fe" "IV" 1598.011 2.300 21.75 0.49 0.65 "PHOT"
1598.954 2.517 5.950 1.368 "N" "III" 1598.820 160.000 25.11 0.47 30.01 "PHOT"
1598.954 2.517 5.950 1.368 "O" "IV" 1598.820 160.000 25.11 0.47 30.01 "PHOT"
1598.954 2.517 5.950 1.368 "Fe" "V" 1598.823 14.000 24.55 0.47 2.67 "PHOT"
1601.789 1.637 9.900 0.826 "Fe" "IV" 1601.652 2.300 25.65 0.31 0.53 "PHOT"
1601.789 1.637 9.900 0.826 "Fe" "IV" 1601.670 2.300 22.28 0.31 0.53 "PHOT"
1601.789 1.637 9.900 0.826 "Si" "V" 1601.670 230.000 22.28 0.31 43.05 "PHOT"
1602.185 2.614 5.262 1.236 "Fe" "IV" 1602.061 2.300 23.22 0.49 0.65 "PHOT"
1603.301 1.388 7.592 1.042 "O" "III" 1603.169 16.000 24.61 0.26 3.00 "PHOT"
1603.301 1.388 7.592 1.042 "Fe" "IV" 1603.177 2.300 23.11 0.26 0.50 "PHOT"
1603.851 1.813 10.204 0.753 "Fe" "IV" 1603.731 2.300 22.38 0.34 0.55 "PHOT"
1605.897 2.552 5.262 1.265 "Al" "III" 1605.766 2.300 24.51 0.48 0.64 "PHOT"
1606.087 2.046 4.836 1.111 "Si" "V" 1605.960 230.000 23.72 0.38 42.94 "PHOT"
1606.087 2.046 4.836 1.111 "Fe" "IV" 1605.970 2.300 21.85 0.38 0.57 "PHOT"
1607.956 2.933 11.109 1.072 "Fe" "V" 1607.833 15.000 22.95 0.55 2.85 "PHOT"
1608.499 1.103 12.181 1.287 "Ni" "V" 1608.389 23.000 20.52 0.21 4.29 "PHOT"
1608.553 1.200 3.486 0.855 "Al" "V" 1608.420 230.000 24.84 0.22 42.87 "PHOT"
1608.553 1.200 3.486 0.855 "Fe" "II" 1608.451 0.230 19.06 0.22 0.23 "ISM1"
1608.499 1.103 12.181 1.287 "Fe" "II" 1608.451 0.230 8.96 0.21 0.21 "ISM2"
1609.133 1.760 6.560 1.237 "Fe" "V" 1609.003 21.000 24.20 0.33 3.93 "PHOT"
1609.133 1.760 6.560 1.237 "Fe" "IV" 1609.004 2.300 24.02 0.33 0.54 "PHOT"
1609.222 1.348 12.639 1.410 "Ni" "IV" 1609.088 23.000 25.04 0.25 4.29 "PHOT"
1609.222 1.348 12.639 1.410 "Fe" "IV" 1609.100 2.300 22.80 0.25 0.50 "PHOT"
1609.967 1.849 7.631 1.052 "Fe" "IV" 1609.835 2.300 24.64 0.34 0.55 "PHOT"
1610.056 2.233 4.950 1.013 "Fe" "IV" 1609.924 2.300 24.60 0.42 0.60 "PHOT"
1610.158 2.425 5.701 1.063 "Fe" "V" 1610.018 15.000 26.14 0.45 2.83 "PHOT"
1610.158 2.425 5.701 1.063 "O" "III" 1610.023 2.300 25.21 0.45 0.62 "PHOT"
1610.158 2.425 5.701 1.063 "Fe" "IV" 1610.035 2.300 22.98 0.45 0.62 "PHOT"
1610.594 2.176 3.906 1.094 "N" "III" 1610.462 23.000 24.61 0.41 4.30 "PHOT"
1610.594 2.176 3.906 1.094 "Ni" "IV" 1610.464 23.000 24.24 0.41 4.30 "PHOT"
1610.594 2.176 3.906 1.094 "Fe" "IV" 1610.467 2.300 23.68 0.41 0.59 "PHOT"
1610.983 3.360 1.399 0.464 "Fe" "IV" 1610.847 2.300 25.49 0.63 0.76 "PHOT"
1611.331 2.877 3.570 0.771 "Al" "V" 1611.190 230.000 26.25 0.54 42.80 "PHOT"
1611.331 2.877 3.570 0.771 "Fe" "IV" 1611.203 2.300 23.83 0.54 0.69 "PHOT"
1611.998 1.734 10.820 1.395 "Al" "III" 1611.873 2.300 23.19 0.32 0.54 "PHOT"
1614.147 3.865 8.787 1.773 "Ni" "IV" 1614.023 23.000 23.03 0.72 4.33 "PHOT"
1614.147 3.865 8.787 1.773 "Fe" "IV" 1614.038 16.000 20.24 0.72 3.06 "PHOT"
1614.778 5.128 7.591 1.848 "Fe" "IV" 1614.645 2.300 24.76 0.95 1.04 "PHOT"
1615.132 2.180 5.043 1.237 "Fe" "IV" 1615.004 2.300 23.81 0.40 0.59 "PHOT"
1615.727 1.863 4.068 0.998 "P" "IV" 1615.588 2.300 25.72 0.35 0.55 "PHOT"
1615.727 1.863 4.068 0.998 "Fe" "IV" 1615.605 2.300 22.56 0.35 0.55 "PHOT"
1616.809 1.404 9.526 1.297 "Fe" "V" 1616.674 21.000 25.12 0.26 3.90 "PHOT"
1616.809 1.404 9.526 1.297 "Ni" "IV" 1616.676 23.000 24.75 0.26 4.27 "PHOT"
1616.809 1.404 9.526 1.297 "Fe" "IV" 1616.681 2.300 23.82 0.26 0.50 "PHOT"
1617.162 3.683 4.955 1.496 "Fe" "V" 1617.037 21.000 23.23 0.68 3.95 "PHOT"
1617.162 3.683 4.955 1.496 "Fe" "V" 1617.040 15.000 22.67 0.68 2.86 "PHOT"
1617.812 2.306 6.010 1.327 "Fe" "IV" 1617.679 2.300 24.58 0.43 0.60 "PHOT"
1617.812 2.306 6.010 1.327 "Fe" "IV" 1617.685 2.300 23.46 0.43 0.60 "PHOT"
1619.146 1.822 6.021 1.193 "Fe" "IV" 1619.022 2.300 22.93 0.34 0.54 "PHOT"
1620.224 3.327 5.520 0.938 "Fe" "V" 1620.086 15.000 25.45 0.62 2.84 "PHOT"
1620.224 3.327 5.520 0.938 "Ni" "V" 1620.102 23.000 22.49 0.62 4.30 "PHOT"
1621.045 2.219 7.775 0.928 "Fe" "IV" 1620.915 2.300 23.98 0.41 0.59 "PHOT"
1621.045 2.219 7.775 0.928 "Al" "V" 1620.930 230.000 21.20 0.41 42.54 "PHOT"
1621.280 4.463 7.952 1.879 "Fe" "IV" 1621.139 2.300 26.07 0.83 0.93 "PHOT"
1621.698 1.959 11.082 1.575 "Fe" "IV" 1621.569 2.300 23.81 0.36 0.56 "PHOT"
1623.529 3.314 6.102 1.679 "Fe" "IV" 1623.386 2.300 26.46 0.61 0.74 "PHOT"
1623.529 3.314 6.102 1.679 "Ni" "V" 1623.403 23.000 23.32 0.61 4.29 "PHOT"
1623.653 2.360 6.527 1.466 "Fe" "IV" 1623.515 2.300 25.48 0.44 0.61 "PHOT"
1623.653 2.360 6.527 1.466 "Fe" "IV" 1623.532 2.300 22.34 0.44 0.61 "PHOT"
1625.401 1.860 6.311 1.293 "Fe" "V" 1625.271 15.000 23.90 0.34 2.79 "PHOT"
1626.407 4.495 8.067 1.214 "Fe" "IV" 1626.268 2.400 25.63 0.83 0.94 "PHOT"
1626.407 4.495 8.067 1.214 "Fe" "IV" 1626.279 2.400 23.61 0.83 0.94 "PHOT"
1626.603 1.764 11.076 1.551 "Fe" "IV" 1626.467 2.400 25.14 0.33 0.55 "PHOT"
1627.041 1.768 10.737 1.535 "Fe" "V" 1626.900 21.000 25.90 0.33 3.88 "PHOT"
1627.041 1.768 10.737 1.535 "Fe" "IV" 1626.904 2.400 25.17 0.33 0.55 "PHOT"
1628.674 2.420 7.306 0.823 "Fe" "IV" 1628.544 2.400 23.85 0.45 0.63 "PHOT"
1628.674 2.420 7.306 0.823 "Ni" "IV" 1628.550 24.000 22.74 0.45 4.44 "PHOT"
1630.808 2.254 6.571 0.915 "Fe" "IV" 1630.678 2.400 23.90 0.41 0.61 "PHOT"
1630.808 2.254 6.571 0.915 "Fe" "V" 1630.686 15.000 22.43 0.41 2.79 "PHOT"
1630.808 2.254 6.571 0.915 "S" "IV" 1630.688 24.000 22.06 0.41 4.43 "PHOT"
1631.207 1.257 18.817 1.596 "Fe" "IV" 1631.077 2.400 23.84 0.23 0.50 "PHOT"
1631.207 1.257 18.817 1.596 "Fe" "IV" 1631.092 2.400 21.08 0.23 0.50 "PHOT"
1631.207 1.257 18.817 1.596 "Si" "I" 1631.171 1.700 6.56 0.23 0.39 "ISM2"
1632.218 3.541 6.469 1.071 "Fe" "IV" 1632.082 2.400 25.04 0.65 0.79 "PHOT"
1632.542 1.626 8.682 1.405 "O" "IV" 1632.390 240.000 27.94 0.30 44.08 "PHOT"
1634.138 1.728 8.318 0.946 "Al" "V" 1634.000 1700.000 25.34 0.32 311.90 "PHOT"
1634.138 1.728 8.318 0.946 "Fe" "IV" 1634.004 2.400 24.61 0.32 0.54 "PHOT"
1638.439 3.586 5.320 1.612 "Ge" "V" 1638.310 170.000 23.63 0.66 31.12 "PHOT"
1638.439 3.586 5.320 1.612 "Ni" "IV" 1638.310 24.000 23.63 0.66 4.44 "PHOT"
1639.527 2.260 10.936 1.089 "N" "III" 1639.390 24.000 25.03 0.41 4.41 "PHOT"
1639.527 2.260 10.936 1.089 "Fe" "IV" 1639.400 2.400 23.20 0.41 0.60 "PHOT"
1640.180 1.682 14.315 1.732 "C" "IV" 1640.040 38.000 25.59 0.31 6.95 "PHOT"
1640.180 1.682 14.315 1.732 "Fe" "IV" 1640.042 2.400 25.23 0.31 0.54 "PHOT"
1640.286 2.693 7.207 1.650 "Fe" "IV" 1640.155 2.400 24.02 0.49 0.66 "PHOT"
1640.286 2.693 7.207 1.650 "Ni" "IV" 1640.156 24.000 23.84 0.49 4.41 "PHOT"
1641.992 2.304 9.708 1.756 "Fe" "IV" 1641.864 2.400 23.31 0.42 0.61 "PHOT"
1647.232 2.097 8.780 1.657 "Fe" "IV" 1647.093 2.400 25.38 0.38 0.58 "PHOT"
