     361.161          0 e  2.5     276885 o  1.5   -1.14   3.71E+09    0.417
     364.796       2759 e  1.5     276885 o  1.5   -1.98   5.26E+08   -0.427
     367.664       2759 e  1.5     274746 o  0.5   -1.28   2.59E+09    0.471
     412.677          0 e  2.5     242320 o  3.5   -2.09   3.18E+08    0.399
     423.415          0 e  2.5     236175 o  1.5   -2.60   9.35E+07   -0.446
     423.533          0 e  2.5     236109 o  2.5   -1.61   9.07E+08    0.159
     425.890          0 e  2.5     234802 o  3.5   -0.13   2.71E+10    0.638
     428.420       2759 e  1.5     236175 o  1.5   -3.53   1.06E+07    0.225
     428.540       2759 e  1.5     236109 o  2.5   -0.21   2.25E+10    0.665
     428.786       2759 e  1.5     235976 o  0.5   -1.48   1.20E+09   -0.877
     429.299          0 e  2.5     232938 o  1.5   -0.75   6.38E+09    0.653
     430.578          0 e  2.5     232246 o  1.5   -0.24   2.07E+10    0.609
     431.528       2759 e  1.5     234494 o  0.5   -0.38   1.49E+10    0.879
     431.606          0 e  2.5     231693 o  2.5   -1.33   1.69E+09    0.121
     434.444       2759 e  1.5     232938 o  1.5   -1.80   5.65E+08    0.046
     435.014          0 e  2.5     229878 o  3.5   -1.07   3.02E+09   -0.801
     435.755       2759 e  1.5     232246 o  1.5   -0.61   8.65E+09   -0.829
     436.241          0 e  2.5     229231 o  1.5   -1.42   1.34E+09    0.771
     436.371          0 e  2.5     229163 o  2.5   -1.85   4.95E+08    0.159
     436.807       2759 e  1.5     231693 o  2.5   -1.56   9.62E+08   -0.375
     441.141          0 e  2.5     226685 o  1.5   -1.40   1.37E+09    0.077
     441.513       2759 e  1.5     229253 o  0.5   -2.07   2.92E+08    0.587
     441.556       2759 e  1.5     229231 o  1.5   -2.31   1.69E+08    0.122
     441.689       2759 e  1.5     229163 o  2.5   -1.48   1.13E+09   -0.646
     442.380          0 e  2.5     226050 o  2.5   -0.27   1.83E+10    0.737
     444.380          0 e  2.5     225033 o  3.5   -0.74   6.18E+09    0.741
     444.449          0 e  2.5     224998 o  1.5   -1.18   2.26E+09    0.165
     446.576       2759 e  1.5     226685 o  1.5   -1.18   2.23E+09    0.186
     447.208          0 e  2.5     223609 o  2.5   -2.79   5.39E+07    0.016
     447.846       2759 e  1.5     226050 o  2.5   -1.80   5.24E+08   -0.107
     449.126       2759 e  1.5     225414 o  0.5   -2.70   6.59E+07   -0.005
     449.967       2759 e  1.5     224998 o  1.5   -0.53   9.81E+09    0.471
     450.984          0 e  2.5     221737 o  2.5   -1.08   2.76E+09    0.403
     451.618          0 e  2.5     221426 o  1.5   -2.08   2.71E+08    0.048
     452.795       2759 e  1.5     223609 o  2.5   -0.94   3.73E+09    0.599
     455.870       2759 e  1.5     222120 o  0.5   -3.86   4.43E+06    0.004
     456.666       2759 e  1.5     221737 o  2.5   -1.49   1.04E+09   -0.646
     457.316       2759 e  1.5     221426 o  1.5   -1.27   1.72E+09    0.371
     466.925          0 e  2.5     214167 o  2.5   -0.50   9.58E+09    0.701
     468.428          0 e  2.5     213480 o  1.5   -1.22   1.82E+09    0.317
     472.091          0 e  2.5     211824 o  3.5   -0.50   9.50E+09    0.499
     472.657          0 e  2.5     211570 o  2.5   -0.18   2.00E+10    0.396
     473.019       2759 e  1.5     214167 o  2.5   -0.85   4.20E+09    0.190
     473.508          0 e  2.5     211190 o  3.5   -1.18   1.99E+09   -0.362
     474.562       2759 e  1.5     213480 o  1.5   -0.35   1.32E+10    0.424
     475.767          0 e  2.5     210187 o  1.5   -2.34   1.36E+08    0.161
     476.420          0 e  2.5     209899 o  2.5   -1.21   1.83E+09    0.372
     478.649          0 e  2.5     208921 o  3.5   -1.15   2.06E+09    0.442
     478.903       2759 e  1.5     211570 o  2.5   -0.79   4.71E+09   -0.357
     482.095       2759 e  1.5     210187 o  1.5   -1.38   1.20E+09    0.238
     482.683          0 e  2.5     207175 o  2.5   -2.79   4.62E+07   -0.144
     482.766       2759 e  1.5     209899 o  2.5   -2.78   4.80E+07    0.024
     485.458          0 e  2.5     205991 o  3.5   -3.28   1.48E+07   -0.783
     486.729          0 e  2.5     205453 o  1.5   -3.79   4.58E+06   -0.083
     489.198       2759 e  1.5     207175 o  2.5   -3.38   1.16E+07    0.052
     490.788       2759 e  1.5     206513 o  0.5   -3.56   7.63E+06   -0.149
     490.955          0 e  2.5     203685 o  2.5   -2.80   4.38E+07    0.161
     493.355       2759 e  1.5     205453 o  1.5   -3.31   1.35E+07    0.262
     496.724          0 e  2.5     201319 o  3.5   -3.30   1.37E+07   -0.040
     497.697       2759 e  1.5     203685 o  2.5   -3.20   1.71E+07   -0.095
     722.516     138479 e  2.5     276885 o  1.5   -3.99   1.29E+06   -0.068
     776.971     148180 e  2.5     276885 o  1.5   -2.36   4.81E+07   -0.111
     783.123     149191 e  1.5     276885 o  1.5   -3.18   7.24E+06    0.054
     795.956     151250 e  1.5     276885 o  1.5   -3.61   2.56E+06   -0.022
     796.461     149191 e  1.5     274746 o  0.5   -2.27   5.71E+07   -0.193
     798.019     151574 e  2.5     276885 o  1.5   -2.22   6.36E+07    0.163
     809.738     151250 e  1.5     274746 o  0.5   -2.91   1.26E+07    0.131
     834.656     157075 e  1.5     276885 o  1.5   -2.66   2.08E+07   -0.369
     840.653     157930 e  0.5     276885 o  1.5   -3.42   3.63E+06    0.023
     856.041     157930 e  0.5     274746 o  0.5   -3.22   5.45E+06   -0.039
     937.306     135951 e  3.5     242640 o  4.5   -3.35   3.42E+06   -0.021
     940.125     135951 e  3.5     242320 o  3.5   -2.89   9.72E+06   -0.065
     942.752     128730 e  4.5     234802 o  3.5   -3.09   6.16E+06   -0.022
     945.687     130366 e  3.5     236109 o  2.5   -3.73   1.40E+06   -0.015
     957.523     130366 e  3.5     234802 o  3.5   -3.43   2.70E+06   -0.021
     958.729     131805 e  2.5     236109 o  2.5   -3.60   1.83E+06   -0.035
     963.014     138479 e  2.5     242320 o  3.5   -3.18   4.76E+06   -0.070
     986.905     130366 e  3.5     231693 o  2.5   -2.11   5.31E+07    0.155
     988.649     128730 e  4.5     229878 o  3.5   -1.12   5.23E+08   -0.366
     988.791     131805 e  2.5     232938 o  1.5   -2.75   1.22E+07    0.087
     998.395     132777 e  1.5     232938 o  1.5   -3.03   6.30E+06   -0.124
     998.421     135951 e  3.5     236109 o  2.5   -2.36   2.91E+07   -0.086
    1001.116     131805 e  2.5     231693 o  2.5   -2.53   1.98E+07   -0.236
    1004.906     130366 e  3.5     229878 o  3.5   -1.81   1.02E+08    0.369
    1010.962     132777 e  1.5     231693 o  2.5   -3.60   1.64E+06    0.055
    1011.624     135951 e  3.5     234802 o  3.5   -1.39   2.66E+08   -0.343
    1012.180     130366 e  3.5     229163 o  2.5   -1.24   3.78E+08   -0.379
    1019.644     131805 e  2.5     229878 o  3.5   -2.93   7.61E+06   -0.090
    1024.276     138479 e  2.5     236109 o  2.5   -1.44   2.32E+08   -0.301
    1026.416     131805 e  2.5     229231 o  1.5   -1.28   3.33E+08   -0.444
    1027.134     131805 e  2.5     229163 o  2.5   -1.75   1.12E+08    0.358
    1036.533     132777 e  1.5     229253 o  0.5   -1.38   2.59E+08   -0.483
    1036.768     132777 e  1.5     229231 o  1.5   -1.78   1.03E+08    0.447
    1037.500     132777 e  1.5     229163 o  2.5   -2.91   7.57E+06   -0.080
    1038.392     128730 e  4.5     225033 o  3.5   -1.83   9.24E+07   -0.272
    1044.476     135951 e  3.5     231693 o  2.5   -1.71   1.19E+08   -0.349
    1045.106     130366 e  3.5     226050 o  2.5   -2.96   6.72E+06    0.056
    1053.958     131805 e  2.5     226685 o  1.5   -2.71   1.17E+07    0.033
    1056.341     130366 e  3.5     225033 o  3.5   -2.98   6.28E+06    0.035
    1058.664     138479 e  2.5     232938 o  1.5   -2.13   4.40E+07   -0.168
    1062.244     148180 e  2.5     242320 o  3.5   -3.61   1.45E+06   -0.100
    1064.660     135951 e  3.5     229878 o  3.5   -2.59   1.53E+07    0.145
    1064.877     132777 e  1.5     226685 o  1.5   -3.76   1.01E+06   -0.003
    1066.481     138479 e  2.5     232246 o  1.5   -3.12   4.40E+06    0.040
    1072.463     130366 e  3.5     223609 o  2.5   -2.45   2.07E+07   -0.246
    1072.805     138479 e  2.5     231693 o  2.5   -2.54   1.66E+07    0.208
    1072.828     135951 e  3.5     229163 o  2.5   -3.84   8.35E+05    0.006
    1073.041     131805 e  2.5     224998 o  1.5   -2.77   9.99E+06    0.074
    1094.436     130366 e  3.5     221737 o  2.5   -1.96   6.17E+07    0.305
    1101.910     138479 e  2.5     229231 o  1.5   -2.85   7.83E+06    0.194
    1101.981     151574 e  2.5     242320 o  3.5   -3.17   3.69E+06    0.329
    1102.738     138479 e  2.5     229163 o  2.5   -2.88   7.22E+06    0.071
    1109.890     135951 e  3.5     226050 o  2.5   -1.08   4.48E+08    0.613
    1111.940     131805 e  2.5     221737 o  2.5   -2.73   1.01E+07   -0.058
    1115.801     131805 e  2.5     221426 o  1.5   -2.41   2.11E+07    0.365
    1119.286     132777 e  1.5     222120 o  0.5   -3.34   2.45E+06    0.375
    1122.570     135951 e  3.5     225033 o  3.5   -2.09   4.29E+07   -0.349
    1124.099     132777 e  1.5     221737 o  2.5   -3.70   1.06E+06    0.012
    1128.046     132777 e  1.5     221426 o  1.5   -3.53   1.55E+06   -0.042
    1133.716     138479 e  2.5     226685 o  1.5   -1.37   2.22E+08    0.355
    1136.423     148180 e  2.5     236175 o  1.5   -0.77   8.85E+08    0.255
    1137.273     148180 e  2.5     236109 o  2.5   -3.91   6.32E+05    0.003
    1140.795     135951 e  3.5     223609 o  2.5   -2.01   5.04E+07   -0.314
    1141.933     138479 e  2.5     226050 o  2.5   -1.91   6.36E+07   -0.080
    1149.633     149191 e  1.5     236175 o  1.5   -1.33   2.37E+08   -0.321
    1150.503     149191 e  1.5     236109 o  2.5   -1.09   4.13E+08   -0.382
    1154.434     148180 e  2.5     234802 o  3.5   -1.20   3.16E+08   -0.136
    1155.360     138479 e  2.5     225033 o  3.5   -2.37   2.12E+07    0.024
    1155.826     138479 e  2.5     224998 o  1.5   -1.05   4.43E+08    0.288
    1165.689     135951 e  3.5     221737 o  2.5   -1.37   2.11E+08    0.515
    1172.290     149191 e  1.5     234494 o  0.5   -1.02   4.58E+08    0.277
    1174.674     138479 e  2.5     223609 o  2.5   -2.50   1.54E+07   -0.042
    1177.501     151250 e  1.5     236175 o  1.5   -0.40   1.94E+09   -0.676
    1178.414     151250 e  1.5     236109 o  2.5   -1.54   1.38E+08    0.572
    1179.486     151392 e  0.5     236175 o  1.5   -0.56   1.32E+09    0.710
    1179.824     148180 e  2.5     232938 o  1.5   -2.01   4.72E+07    0.140
    1180.275     151250 e  1.5     235976 o  0.5   -2.16   3.34E+07    0.292
    1182.022     151574 e  2.5     236175 o  1.5   -0.47   1.63E+09    0.505
    1182.269     151392 e  0.5     235976 o  0.5   -3.71   9.30E+05   -0.069
    1189.542     148180 e  2.5     232246 o  1.5   -0.91   5.77E+08    0.639
    1193.300     130366 e  3.5     214167 o  2.5   -1.59   1.20E+08    0.193
    1194.068     149191 e  1.5     232938 o  1.5   -1.51   1.45E+08   -0.179
    1197.414     148180 e  2.5     231693 o  2.5   -1.36   2.04E+08   -0.265
    1201.086     138479 e  2.5     221737 o  2.5   -2.82   7.01E+06   -0.018
    1201.282     151250 e  1.5     234494 o  0.5   -1.52   1.38E+08   -0.398
    1201.520     151574 e  2.5     234802 o  3.5   -0.51   1.42E+09    0.707
    1203.348     151392 e  0.5     234494 o  0.5   -1.76   7.96E+07   -0.798
    1203.458     128730 e  4.5     211824 o  3.5   -1.59   1.18E+08    0.445
    1204.023     149191 e  1.5     232246 o  1.5   -1.39   1.89E+08   -0.118
    1205.592     138479 e  2.5     221426 o  1.5   -1.73   8.60E+07    0.181
    1212.089     149191 e  1.5     231693 o  2.5   -2.05   4.06E+07   -0.019
    1212.714     128730 e  4.5     211190 o  3.5   -1.81   6.99E+07   -0.723
    1214.140     131805 e  2.5     214167 o  2.5   -2.00   4.52E+07    0.031
    1223.182     160886 e  4.5     242640 o  4.5    0.46   1.30E+10   -0.712
    1223.676     160919 e  3.5     242640 o  4.5   -0.69   9.21E+08    0.806
    1224.017     148180 e  2.5     229878 o  3.5   -0.28   2.32E+09    0.246
    1224.161     151250 e  1.5     232938 o  1.5   -1.54   1.29E+08   -0.260
    1224.360     131805 e  2.5     213480 o  1.5   -1.36   1.95E+08    0.232
    1226.306     151392 e  0.5     232938 o  1.5   -1.55   1.24E+08   -0.375
    1227.633     130366 e  3.5     211824 o  3.5   -1.83   6.57E+07    0.016
    1227.988     160886 e  4.5     242320 o  3.5   -2.44   1.62E+07   -0.014
    1228.486     160919 e  3.5     242320 o  3.5    0.39   1.10E+10   -0.761
    1228.652     132777 e  1.5     214167 o  2.5   -1.14   3.19E+08   -0.805
    1229.048     151574 e  2.5     232938 o  1.5   -1.59   1.13E+08   -0.403
    1231.472     130366 e  3.5     211570 o  2.5   -1.36   1.94E+08    0.154
    1233.788     148180 e  2.5     229231 o  1.5   -1.68   9.14E+07    0.124
    1234.626     151250 e  1.5     232246 o  1.5   -3.13   3.22E+06   -0.011
    1234.826     148180 e  2.5     229163 o  2.5   -1.25   2.47E+08    0.103
    1236.808     151392 e  0.5     232246 o  1.5   -2.88   5.72E+06   -0.119
    1237.265     130366 e  3.5     211190 o  3.5   -1.38   1.81E+08   -0.112
    1239.119     132777 e  1.5     213480 o  1.5   -0.84   6.36E+08    0.578
    1239.597     151574 e  2.5     232246 o  1.5   -1.08   3.60E+08   -0.473
    1243.109     151250 e  1.5     231693 o  2.5   -0.69   8.94E+08   -0.496
    1247.015     128730 e  4.5     208921 o  3.5   -1.84   6.15E+07   -0.022
    1248.148     151574 e  2.5     231693 o  2.5   -1.16   2.95E+08   -0.429
    1249.032     149191 e  1.5     229253 o  0.5   -1.82   6.41E+07    0.230
    1249.374     149191 e  1.5     229231 o  1.5   -1.78   7.06E+07    0.048
    1249.700     131805 e  2.5     211824 o  3.5   -0.64   9.71E+08   -0.425
    1250.438     149191 e  1.5     229163 o  2.5   -1.07   3.63E+08    0.106
    1253.680     131805 e  2.5     211570 o  2.5   -1.09   3.44E+08    0.449
    1257.341     130366 e  3.5     209899 o  2.5   -1.30   2.13E+08   -0.065
    1259.684     131805 e  2.5     211190 o  3.5   -2.12   3.22E+07   -0.018
    1264.218     157075 e  1.5     236175 o  1.5   -3.80   6.66E+05    0.038
    1265.270     157075 e  1.5     236109 o  2.5   -1.46   1.45E+08    0.701
    1265.707     128730 e  4.5     207737 o  4.5    0.31   8.38E+09   -0.621
    1267.416     157075 e  1.5     235976 o  0.5   -0.29   2.15E+09    0.788
    1269.158     132777 e  1.5     211570 o  2.5   -2.47   1.42E+07   -0.112
    1272.202     130366 e  3.5     208970 o  4.5   -0.18   2.74E+09   -0.322
    1272.990     130366 e  3.5     208921 o  3.5    0.12   5.36E+09   -0.472
    1273.801     148180 e  2.5     226685 o  1.5   -0.96   4.50E+08    0.121
    1275.793     131805 e  2.5     210187 o  1.5   -1.09   3.37E+08   -0.175
    1277.080     151574 e  2.5     229878 o  3.5    0.25   7.17E+09    0.837
    1278.509     135951 e  3.5     214167 o  2.5   -1.45   1.45E+08    0.050
    1280.500     131805 e  2.5     209899 o  2.5    0.01   4.18E+09   -0.534
    1281.296     157930 e  0.5     235976 o  0.5   -0.98   4.33E+08   -0.279
    1281.997     151250 e  1.5     229253 o  0.5   -1.28   2.10E+08    0.340
    1282.357     151250 e  1.5     229231 o  1.5   -0.31   2.00E+09    0.620
    1283.478     151250 e  1.5     229163 o  2.5    0.07   4.70E+09    0.761
    1284.183     148180 e  2.5     226050 o  2.5   -0.61   9.93E+08   -0.146
    1284.350     151392 e  0.5     229253 o  0.5   -0.31   1.97E+09    0.808
    1284.711     151392 e  0.5     229231 o  1.5   -0.25   2.26E+09    0.817
    1287.721     151574 e  2.5     229231 o  1.5   -2.76   7.00E+06    0.011
    1288.851     151574 e  2.5     229163 o  2.5   -0.80   6.32E+08    0.291
    1290.063     199369 e  0.5     276885 o  1.5    0.09   4.97E+09    0.862
    1290.421     149191 e  1.5     226685 o  1.5   -0.20   2.54E+09   -0.640
    1291.671     157075 e  1.5     234494 o  0.5   -1.10   3.17E+08   -0.173
    1291.826     132777 e  1.5     210187 o  1.5   -0.01   3.93E+09   -0.837
    1292.476     130366 e  3.5     207737 o  4.5   -0.05   3.58E+09    0.868
    1294.311     128730 e  4.5     205991 o  3.5   -2.05   3.53E+07    0.045
    1296.652     132777 e  1.5     209899 o  2.5   -0.20   2.52E+09    0.858
    1296.734     131805 e  2.5     208921 o  3.5    0.00   3.97E+09    0.863
    1301.077     149191 e  1.5     226050 o  2.5   -0.67   8.54E+08    0.413
    1301.189     148180 e  2.5     225033 o  3.5    0.27   7.32E+09    0.863
    1301.780     148180 e  2.5     224998 o  1.5   -1.14   2.87E+08   -0.117
    1301.927     130366 e  3.5     207175 o  2.5   -1.77   6.71E+07    0.126
    1306.090     157930 e  0.5     234494 o  0.5   -0.38   1.61E+09   -0.824
    1306.657     128730 e  4.5     205261 o  5.5    0.58   1.49E+10    0.899
    1311.937     149191 e  1.5     225414 o  0.5   -0.52   1.16E+09    0.501
    1318.001     135951 e  3.5     211824 o  3.5    0.14   5.24E+09   -0.555
    1318.160     157075 e  1.5     232938 o  1.5   -1.88   5.10E+07    0.021
    1319.143     149191 e  1.5     224998 o  1.5   -0.52   1.17E+09   -0.305
    1320.704     128730 e  4.5     204447 o  4.5    0.04   4.23E+09    0.857
    1321.215     138479 e  2.5     214167 o  2.5    0.22   6.39E+09   -0.844
    1322.316     130366 e  3.5     205991 o  3.5    0.04   4.17E+09    0.869
    1322.428     135951 e  3.5     211570 o  2.5    0.20   6.05E+09    0.827
    1325.638     151250 e  1.5     226685 o  1.5   -1.72   7.15E+07    0.055
    1325.738     148180 e  2.5     223609 o  2.5   -2.08   3.17E+07    0.017
    1326.659     199369 e  0.5     274746 o  0.5   -0.22   2.29E+09    0.863
    1326.774     131805 e  2.5     207175 o  2.5   -0.19   2.46E+09    0.842
    1328.154     151392 e  0.5     226685 o  1.5   -2.15   2.70E+07    0.093
    1329.110     135951 e  3.5     211190 o  3.5   -0.05   3.38E+09    0.857
    1329.959     160919 e  3.5     236109 o  2.5    0.24   6.48E+09    0.868
    1330.302     157075 e  1.5     232246 o  1.5    0.01   3.80E+09   -0.771
    1331.370     151574 e  2.5     226685 o  1.5   -0.66   8.20E+08   -0.262
    1333.180     157930 e  0.5     232938 o  1.5    0.04   4.13E+09    0.871
    1333.326     138479 e  2.5     213480 o  1.5   -0.02   3.56E+09    0.812
    1336.886     151250 e  1.5     226050 o  2.5   -0.74   6.85E+08   -0.619
    1340.156     157075 e  1.5     231693 o  2.5    0.17   5.50E+09    0.867
    1342.716     151574 e  2.5     226050 o  2.5    0.06   4.27E+09    0.741
    1343.750     149191 e  1.5     223609 o  2.5    0.16   5.40E+09    0.801
    1344.122     132777 e  1.5     207175 o  2.5    0.07   4.28E+09    0.570
    1347.954     131805 e  2.5     205991 o  3.5    0.11   4.68E+09    0.478
    1348.354     151250 e  1.5     225414 o  0.5   -0.71   7.15E+08   -0.816
    1349.876     130366 e  3.5     204447 o  4.5    0.20   5.84E+09    0.525
    1350.957     151392 e  0.5     225414 o  0.5   -1.88   4.83E+07    0.711
    1352.305     135951 e  3.5     209899 o  2.5   -1.00   3.62E+08    0.325
    1352.883     160886 e  4.5     234802 o  3.5    0.32   7.59E+09    0.858
    1353.488     160919 e  3.5     234802 o  3.5   -2.43   1.36E+07   -0.017
    1355.967     151250 e  1.5     224998 o  1.5   -0.80   5.75E+08    0.495
    1356.171     160886 e  4.5     234623 o  5.5    0.57   1.37E+10    0.908
    1356.195     132777 e  1.5     206513 o  0.5   -0.23   2.13E+09    0.895
    1357.801     131805 e  2.5     205453 o  1.5    0.03   3.85E+09    0.890
    1358.600     151392 e  0.5     224998 o  1.5   -1.00   3.59E+08   -0.812
    1359.477     148180 e  2.5     221737 o  2.5    0.15   5.12E+09   -0.867
    1361.318     151574 e  2.5     225033 o  3.5   -0.39   1.45E+09   -0.201
    1361.965     151574 e  2.5     224998 o  1.5   -0.32   1.74E+09    0.849
    1363.432     138479 e  2.5     211824 o  3.5   -0.08   2.97E+09    0.881
    1363.912     130366 e  3.5     203685 o  2.5    0.22   5.92E+09    0.891
    1365.253     148180 e  2.5     221426 o  1.5   -0.15   2.52E+09   -0.857
    1368.171     138479 e  2.5     211570 o  2.5   -1.17   2.40E+08    0.087
    1369.510     135951 e  3.5     208970 o  4.5    0.39   8.63E+09    0.898
    1370.424     135951 e  3.5     208921 o  3.5   -0.84   5.06E+08   -0.154
    1371.193     149191 e  1.5     222120 o  0.5   -0.68   7.51E+08   -0.861
    1375.325     138479 e  2.5     211190 o  3.5    0.17   5.24E+09    0.607
    1375.976     132777 e  1.5     205453 o  1.5   -0.97   3.79E+08   -0.240
    1377.615     128730 e  4.5     201319 o  3.5    0.36   8.14E+09    0.893
    1381.981     151250 e  1.5     223609 o  2.5   -1.93   4.10E+07   -0.016
    1384.363     149191 e  1.5     221426 o  1.5   -1.14   2.52E+08   -0.227
    1385.464     157075 e  1.5     229253 o  0.5   -2.36   1.53E+07   -0.347
    1385.884     157075 e  1.5     229231 o  1.5   -3.00   3.44E+06   -0.009
    1387.059     160886 e  4.5     232981 o  4.5   -0.73   6.47E+08    0.845
    1387.193     157075 e  1.5     229163 o  2.5   -0.54   1.01E+09    0.617
    1387.694     160919 e  3.5     232981 o  4.5    0.46   9.93E+09    0.853
    1388.212     151574 e  2.5     223609 o  2.5   -0.55   9.66E+08   -0.591
    1391.206     131805 e  2.5     203685 o  2.5   -1.06   3.00E+08   -0.125
    1393.033     135951 e  3.5     207737 o  4.5   -0.64   7.91E+08    0.334
    1394.550     138479 e  2.5     210187 o  1.5   -0.81   5.29E+08    0.767
    1400.176     138479 e  2.5     209899 o  2.5   -1.42   1.28E+08   -0.149
    1402.066     157930 e  0.5     229253 o  0.5   -1.88   4.52E+07   -0.843
    1402.497     157930 e  0.5     229231 o  1.5   -1.17   2.30E+08    0.643
    1404.019     135951 e  3.5     207175 o  2.5   -1.92   4.09E+07   -0.511
    1409.386     130366 e  3.5     201319 o  3.5   -1.53   9.86E+07   -0.044
    1410.292     132777 e  1.5     203685 o  2.5   -2.38   1.39E+07    0.052
    1411.024     151250 e  1.5     222120 o  0.5   -0.48   1.10E+09   -0.564
    1412.948     160919 e  3.5     231693 o  2.5   -1.72   6.42E+07   -0.760
    1413.875     151392 e  0.5     222120 o  0.5   -1.18   2.20E+08    0.462
    1418.683     151250 e  1.5     221737 o  2.5   -0.62   8.00E+08    0.246
    1419.610     138479 e  2.5     208921 o  3.5   -1.53   9.71E+07    0.175
    1424.974     151250 e  1.5     221426 o  1.5   -1.05   2.96E+08   -0.220
    1425.251     151574 e  2.5     221737 o  2.5   -0.81   5.15E+08   -0.099
    1427.760     135951 e  3.5     205991 o  3.5   -2.28   1.71E+07   -0.048
    1427.882     151392 e  0.5     221426 o  1.5   -0.60   8.27E+08    0.393
    1431.600     151574 e  2.5     221426 o  1.5   -1.18   2.17E+08   -0.085
    1436.573     157075 e  1.5     226685 o  1.5   -0.77   5.44E+08    0.584
    1438.549     131805 e  2.5     201319 o  3.5   -2.68   6.72E+06    0.025
    1449.446     160886 e  4.5     229878 o  3.5   -0.85   4.51E+08   -0.798
    1449.792     157075 e  1.5     226050 o  2.5   -2.12   2.44E+07    0.062
    1450.139     160919 e  3.5     229878 o  3.5   -2.97   3.42E+06    0.097
    1454.431     157930 e  0.5     226685 o  1.5   -1.34   1.45E+08   -0.666
    1455.691     138479 e  2.5     207175 o  2.5   -1.68   6.56E+07   -0.579
    1459.944     135951 e  3.5     204447 o  4.5   -0.44   1.14E+09    0.279
    1463.289     157075 e  1.5     225414 o  0.5   -1.50   9.73E+07    0.150
    1465.335     160919 e  3.5     229163 o  2.5   -1.60   7.74E+07   -0.747
    1472.260     157075 e  1.5     224998 o  1.5   -1.52   9.26E+07   -0.114
    1476.376     135951 e  3.5     203685 o  2.5   -1.61   7.59E+07   -0.224
    1481.227     138479 e  2.5     205991 o  3.5   -1.05   2.70E+08    0.231
    1481.822     157930 e  0.5     225414 o  0.5   -1.11   2.36E+08    0.471
    1491.022     157930 e  0.5     224998 o  1.5   -1.89   3.86E+07    0.322
    1493.126     138479 e  2.5     205453 o  1.5   -2.11   2.31E+07   -0.357
    1502.977     157075 e  1.5     223609 o  2.5   -3.30   1.48E+06   -0.002
    1515.436     148180 e  2.5     214167 o  2.5   -1.89   3.71E+07    0.277
    1529.805     135951 e  3.5     201319 o  3.5   -1.62   6.93E+07    0.319
    1531.391     148180 e  2.5     213480 o  1.5   -1.99   2.89E+07    0.093
    1533.620     138479 e  2.5     203685 o  2.5   -2.07   2.44E+07    0.263
    1535.362     160919 e  3.5     226050 o  2.5   -1.69   5.87E+07    0.663
    1537.392     157075 e  1.5     222120 o  0.5   -3.85   4.00E+05    0.006
    1539.018     149191 e  1.5     214167 o  2.5   -3.26   1.56E+06   -0.044
    1546.489     157075 e  1.5     221737 o  2.5   -2.22   1.68E+07   -0.099
    1553.968     157075 e  1.5     221426 o  1.5   -1.60   6.97E+07   -0.279
    1555.476     149191 e  1.5     213480 o  1.5   -1.05   2.49E+08    0.497
    1557.863     157930 e  0.5     222120 o  0.5   -1.88   3.61E+07   -0.837
    1558.932     160886 e  4.5     225033 o  3.5   -0.67   5.89E+08    0.844
    1559.734     160919 e  3.5     225033 o  3.5   -2.68   5.74E+06   -0.131
    1571.240     148180 e  2.5     211824 o  3.5   -3.24   1.55E+06   -0.010
    1574.885     157930 e  0.5     221426 o  1.5   -2.50   8.54E+06    0.159
    1577.536     148180 e  2.5     211570 o  2.5   -1.23   1.58E+08    0.367
    1587.055     148180 e  2.5     211190 o  3.5   -2.83   3.96E+06   -0.018
    1595.141     160919 e  3.5     223609 o  2.5   -1.11   2.04E+08    0.800
    1597.623     151574 e  2.5     214167 o  2.5   -2.15   1.83E+07   -0.257
    1603.106     149191 e  1.5     211570 o  2.5   -3.32   1.27E+06   -0.010
    1606.934     151250 e  1.5     213480 o  1.5   -1.84   3.74E+07   -0.353
    1610.633     151392 e  0.5     213480 o  1.5   -2.98   2.67E+06   -0.392
    1612.711     148180 e  2.5     210187 o  1.5   -2.73   4.77E+06    0.063
    1615.365     151574 e  2.5     213480 o  1.5   -2.32   1.24E+07   -0.059
    1620.239     148180 e  2.5     209899 o  2.5   -1.88   3.36E+07    0.175
    1639.444     149191 e  1.5     210187 o  1.5   -1.82   3.80E+07    0.129
    1644.239     160919 e  3.5     221737 o  2.5   -2.83   3.65E+06   -0.583
    1646.318     148180 e  2.5     208921 o  3.5   -2.51   7.65E+06    0.086
    1647.224     149191 e  1.5     209899 o  2.5   -3.76   4.30E+05    0.004
    1657.819     151250 e  1.5     211570 o  2.5   -2.92   2.93E+06   -0.079
    1659.768     151574 e  2.5     211824 o  3.5   -3.80   3.85E+05    0.004
    1666.794     151574 e  2.5     211570 o  2.5   -1.39   9.90E+07   -0.320
    1677.425     151574 e  2.5     211190 o  3.5   -3.66   5.19E+05    0.004
    1695.042     148180 e  2.5     207175 o  2.5   -3.19   1.48E+06   -0.036
    1700.834     151392 e  0.5     210187 o  1.5   -3.21   1.42E+06    0.199
    1705.044     151250 e  1.5     209899 o  2.5   -2.51   7.03E+06    0.138
    1706.112     151574 e  2.5     210187 o  1.5   -3.69   4.66E+05   -0.009
    1714.539     151574 e  2.5     209899 o  2.5   -3.18   1.50E+06   -0.011
    1729.766     148180 e  2.5     205991 o  3.5   -2.77   3.80E+06   -0.048
    1743.770     151574 e  2.5     208921 o  3.5   -2.42   8.37E+06    0.138
    1744.525     149191 e  1.5     206513 o  0.5   -2.63   5.13E+06    0.083
    1746.014     148180 e  2.5     205453 o  1.5   -2.36   9.65E+06    0.182
    1751.544     157075 e  1.5     214167 o  2.5   -2.51   6.70E+06    0.488
    1772.892     157075 e  1.5     213480 o  1.5   -3.04   1.94E+06    0.027
    1777.392     149191 e  1.5     205453 o  1.5   -2.19   1.38E+07    0.195
    1788.083     151250 e  1.5     207175 o  2.5   -3.40   8.23E+05   -0.022
    1800.170     157930 e  0.5     213480 o  1.5   -2.17   1.41E+07    0.314
    1801.643     148180 e  2.5     203685 o  2.5   -1.70   4.08E+07    0.382
    1809.513     151250 e  1.5     206513 o  0.5   -2.26   1.13E+07    0.295
    1814.204     151392 e  0.5     206513 o  0.5   -1.47   6.81E+07    0.820
    1835.034     157075 e  1.5     211570 o  2.5   -1.83   2.98E+07    0.461
    1835.071     149191 e  1.5     203685 o  2.5   -1.89   2.54E+07    0.428
    1837.671     151574 e  2.5     205991 o  3.5   -3.29   1.00E+06   -0.021
    1844.899     151250 e  1.5     205453 o  1.5   -1.48   6.57E+07    0.587
    1849.776     151392 e  0.5     205453 o  1.5   -1.55   5.53E+07    0.729
    1856.021     151574 e  2.5     205453 o  1.5   -2.86   2.68E+06    0.072
    1877.994     160919 e  3.5     214167 o  2.5   -1.47   6.37E+07   -0.607
    1881.846     148180 e  2.5     201319 o  3.5   -1.22   1.14E+08    0.728
    1893.072     157075 e  1.5     209899 o  2.5   -2.92   2.25E+06    0.220
    1907.119     151250 e  1.5     203685 o  2.5   -1.32   8.82E+07    0.583
    1913.597     157930 e  0.5     210187 o  1.5   -3.06   1.60E+06    0.261
    1919.006     151574 e  2.5     203685 o  2.5   -1.88   2.40E+07    0.292
    1963.182     160886 e  4.5     211824 o  3.5   -1.58   4.60E+07   -0.645
    1964.455     160919 e  3.5     211824 o  3.5   -3.81   2.71E+05    0.006
    1974.306     160919 e  3.5     211570 o  2.5   -2.16   1.18E+07    0.195
    1987.933     160886 e  4.5     211190 o  3.5   -2.03   1.58E+07    0.577
    1989.238     160919 e  3.5     211190 o  3.5   -2.48   5.66E+06   -0.249
    2009.615     151574 e  2.5     201319 o  3.5   -1.36   7.20E+07    0.549
    2022.075     157075 e  1.5     206513 o  0.5   -3.84   2.34E+05   -0.105
    2040.994     160919 e  3.5     209899 o  2.5   -2.77   2.72E+06   -0.363
    2057.653     157930 e  0.5     206513 o  0.5   -3.63   3.73E+05   -0.620
    2066.387     157075 e  1.5     205453 o  1.5   -3.71   3.06E+05   -0.135
    2079.031     160886 e  4.5     208970 o  4.5   -2.95   1.72E+06   -0.103
    2081.139     160886 e  4.5     208921 o  3.5   -2.15   1.08E+07   -0.437
    2082.570     160919 e  3.5     208921 o  3.5   -3.75   2.71E+05    0.016
    2133.753     160886 e  4.5     207737 o  4.5   -3.99   1.48E+05   -0.006
    2161.189     160919 e  3.5     207175 o  2.5   -3.36   6.20E+05   -0.409
    2217.982     160919 e  3.5     205991 o  3.5   -3.71   2.66E+05   -0.092
    2294.924     160886 e  4.5     204447 o  4.5   -3.34   5.84E+05   -0.074
    2472.480     160886 e  4.5     201319 o  3.5   -3.68   2.28E+05    0.019
    2716.136     199369 e  0.5     236175 o  1.5   -3.43   3.37E+05   -0.109
    2730.947     199369 e  0.5     235976 o  0.5   -3.43   3.38E+05   -0.155
    2846.147     199369 e  0.5     234494 o  0.5   -3.06   7.15E+05    0.391
    2978.061     199369 e  0.5     232938 o  1.5   -3.88   9.89E+04    0.016
    3040.783     199369 e  0.5     232246 o  1.5   -3.31   3.48E+05    0.138
    3659.829     199369 e  0.5     226685 o  1.5   -2.18   3.26E+06    0.798
    3838.420     199369 e  0.5     225414 o  0.5   -2.41   1.74E+06    0.562
    3900.786     199369 e  0.5     224998 o  1.5   -2.73   8.18E+05   -0.805
    4394.177     199369 e  0.5     222120 o  0.5   -3.61   8.59E+04   -0.153
    4532.396     199369 e  0.5     221426 o  1.5   -3.09   2.68E+05   -0.178
