****** Levels
 1.84880988E+15      1.    2  'Mg I 1Se 1'  0   0.  0
 1.19255391E+15      9.    3  'Mg I 3Po 1'  0   0.  0
 7.98021902E+14      3.    3  'Mg I 1Po 1'  0   0.  0
 6.13768745E+14      3.    3  'Mg I 3Se 1'  0   0.  0
 5.44640776E+14      1.    3  'Mg I 1Se 2'  0   0.  0
 4.57711947E+14      5.    4  'Mg I 1De 1'  0   0.  -106
 4.14398846E+14      9.    4  'Mg I 3Po 2'  0   0.  -106
 4.11125611E+14     15.    4  'Mg I 3De 1'  0   0.  -106
 3.69463925E+14      3.    4  'Mg I 1Po 2'  0   0.  -106
 2.93744658E+14      3.    4  'Mg I 3Se 2'  0   0.  -106
 2.73249041E+14      1.    4  'Mg I 1Se 3'  0   0.  -106
 2.55908395E+14      5.    5  'Mg I 1De 2'  0   0.  -107
 2.17399333E+14     45.    5  'Mg I+3__ 1'  0   0.  -107
 2.09418059E+14     10.    5  'Mg I+1_o 2'  0   0.  -107
 1.40890882E+14     25.    6  'Mg I+1__ 3'  0   0.  -107
 1.37443743E+14     75.    6  'Mg I+3__ 4'  0   0.  -107
 9.54739605E+13    117.    6  'Mg I+3__ 5'  0   0.  -107
 9.51985289E+13     36.    7  'Mg I+1__ 6'  0   0.  -107
****** Continuum transitions
   1  19   1    110      0      0      0   2.293E-19   0.000E+00
  -0.005   0.041   0.069   0.084   0.105   0.133   0.233   0.447   0.657   1.304
   0.415  -0.060  -0.782  -2.190   0.081  -0.852  -0.923  -0.606  -0.659  -2.595
   2  19   1    109      0      0      0   1.571E-18   0.000E+00
  -0.001   0.147   0.176   0.196   0.236   0.386   0.452   0.586   1.260
   1.199   0.636   0.627   0.310   0.283  -0.518  -0.667  -0.623  -2.622
   3  19   1    112      0      0      0   7.408E-18   0.000E+00
  -0.002   0.109   0.198   0.238   0.261   0.287   0.359   0.550   0.648   0.808
   0.972   1.613
   1.870   1.870   1.426   0.940   0.401   0.845   0.412  -0.592  -0.697  -0.666
  -0.708  -2.673
   4  19   1    112      0      0      0   4.068E-20   0.000E+00
  -0.005   0.080   0.119   0.148   0.219   0.240   0.265   0.315   0.432   0.525
   0.778   1.450
  -0.338  -1.176  -3.740  -1.250   0.278   2.324   0.155  -1.028  -1.571  -1.127
  -0.659  -2.680
   5  19   1    110      0      0      0   3.937E-20   0.000E+00
  -0.006   0.198   0.278   0.390   0.568   0.590   0.665   0.781   0.866   1.528
  -0.454   1.165   2.327   0.285  -1.634  -0.648  -1.423  -0.613  -0.683  -2.637
   6  19   1    110      0      0      0   3.080E-18   0.000E+00
  -0.002   0.265   0.310   0.390   0.416   0.447   0.519   0.817   0.928   1.600
   1.493   0.845   1.042  -0.648   1.746   0.620   0.535  -0.648  -0.690  -2.676
   7  19   1    109      0      0      0   2.293E-18   0.000E+00
  -0.002   0.238   0.359   0.394   0.416   0.634   0.803   0.937   1.600
   1.366   0.592  -0.451   2.183   0.775  -0.648  -1.254  -1.042  -3.028
   8  19   1    109      0      0      0   2.070E-18   0.000E+00
  -0.002   0.172   0.274   0.372   0.536   0.688   0.835   0.932   1.604
   1.324   0.549  -0.845   2.141   0.197  -0.535  -0.916  -0.775  -2.775
   9  19   1    111      0      0      0   1.885E-18   0.000E+00
  -0.002   0.083   0.189   0.296   0.367   0.461   0.519   0.670   0.906   1.012
   1.680
   1.275   1.312   1.225   0.708  -0.562   2.076   0.967  -0.044  -1.239  -1.166
  -3.162
  10  19   1    114      0      0      0   1.301E-19   0.000E+00
  -0.002   0.198   0.341   0.412   0.430   0.465   0.532   0.563   0.576   0.643
   0.768   0.830   1.066   1.738
   0.127  -1.264  -1.546  -1.933  -3.870  -1.387  -0.155   1.518  -0.401  -1.282
  -1.387  -1.880  -1.176  -3.148
  11  19   1    116      0      0      0   4.306E-21   0.000E+00
  -0.006   0.029   0.078   0.198   0.354   0.439   0.470   0.479   0.496   0.568
   0.590   0.625   0.772   0.870   1.097   1.760
  -1.042  -2.887  -0.873  -0.028   0.366   0.789  -0.451  -2.479  -0.127   1.563
   2.676   0.183  -0.887  -1.408  -1.578  -3.606
  12  19   1    108      0      0      0   3.092E-18   0.000E+00
  -0.002   0.363   0.541   0.581   0.630   0.706   0.892   1.791
   1.493   0.944   0.930   2.056   0.732   0.479  -0.225  -2.986
  13  19   1    113      0      0      0   2.154E-19   0.000E+00
  -0.002   0.189   0.372   0.501   0.568   0.643   0.688   0.701   0.768   0.830
   0.977   1.186   1.858
   0.338  -0.173  -0.806  -1.475  -0.525  -2.004   0.972  -0.225  -1.247  -1.722
  -2.268  -2.602  -4.627
  14  19   1    112      0      0      0   3.248E-19   0.000E+00
  -0.002   0.301   0.488   0.581   0.625   0.657   0.710   0.732   0.919   1.141
   1.208   1.875
   0.514   0.109  -0.507  -1.581  -0.842  -1.405   1.430  -0.014  -1.440  -2.232
  -2.144  -4.169
  15  19   1    109      0      0      0   2.977E-19   0.000E+00
  -0.004   0.738   0.797   0.824   0.872   0.904   1.005   1.155   2.078
   0.479  -0.578   0.144  -0.648   1.183  -0.419  -1.106  -1.775  -4.539
  16  19   1    112      0      0      0   2.155E-19   0.000E+00
  -0.009   0.253   0.455   0.658   0.706   0.824   0.888   0.909   1.011   1.197
   1.411   2.084
   0.356  -0.296  -0.965  -1.775  -1.070  -2.373   0.796  -1.159  -2.039  -2.901
  -3.095  -5.067
  17  19   1    109      0      0      0   2.237E-19   0.000E+00
  -0.009   0.365   0.738   0.925   1.075   1.080   1.593   1.843   2.436
   0.373  -0.613  -1.757  -1.335  -1.264  -0.507  -2.620  -2.708  -4.468
  18  19   1    109      0      0      0   4.038E-19   0.000E+00
   0.002   0.295   0.733   0.989   1.048   1.085   1.197   1.560   2.238
   0.602  -0.085  -0.718  -1.211   0.972  -0.718  -1.704  -2.937  -4.961
*** Line transitions
   1   2   0   0   4      0      0   0.000E+00   5.000E-02
   1   3  -1   0   1      0      0   1.750E+00   2.000E-01
  F  1  7  0.  0.
   1   4   0   0   4      0      0   0.000E+00   5.000E-02
   1   5   0   0   4      0      0   0.000E+00   5.000E-02
   1   6   0   0   4      0      0   0.000E+00   5.000E-02
   1   7   0   0   4      0      0   0.000E+00   5.000E-02
   1   8   0   0   4      0      0   0.000E+00   5.000E-02
   1   9  -1   0   1      0      0   1.230E-01   2.000E-01
  F  1  7  0.  0.
   1  10   0   0   4      0      0   0.000E+00   5.000E-02
   1  11   0   0   4      0      0   0.000E+00   5.000E-02
   1  12   0   0   4      0      0   0.000E+00   5.000E-02
   1  13   0   0   4      0      0   0.000E+00   5.000E-02
   1  14  -1   0   1      0      0   2.850E-02   2.000E-01
  F  1  7  0.  0.
   1  15  -1   0   1      0      0   1.030E-02   2.000E-01
  F  1  7  0.  0.
   1  16   0   0   4      0      0   0.000E+00   5.000E-02
   1  17   0   0   4      0      0   0.000E+00   5.000E-02
   1  18  -1   0   1      0      0   4.880E-03   2.000E-01
  F  1  7  0.  0.
   2   3   0   0   4      0      0   0.000E+00   5.000E-02
   2   4  -1   0   1      0      0   1.356E-01   2.000E-01
  F  1  7  0.  0.
   2   5   0   0   4      0      0   0.000E+00   5.000E-02
   2   6   0   0   4      0      0   0.000E+00   5.000E-02
   2   7   0   0   4      0      0   0.000E+00   5.000E-02
   2   8  -1   0   1      0      0   6.244E-01   2.000E-01
  F  1  7  0.  0.
   2   9   0   0   4      0      0   0.000E+00   5.000E-02
   2  10  -1   0   1      0      0   1.567E-02   2.000E-01
  F  1  7  0.  0.
   2  11   0   0   4      0      0   0.000E+00   5.000E-02
   2  12   0   0   4      0      0   0.000E+00   5.000E-02
   2  13  -1   0   1      0      0   1.211E-01   2.000E-01
  F  1  7  0.  0.
   2  14   0   0   4      0      0   0.000E+00   5.000E-02
   2  15   0   0   4      0      0   0.000E+00   5.000E-02
   2  16  -1   0   1      0      0   5.396E-02   2.000E-01
  F  1  7  0.  0.
   2  17  -1   0   1      0      0   6.661E-01   2.000E-01
  F  1  7  0.  0.
   2  18   0   0   4      0      0   0.000E+00   5.000E-02
   3   4   0   0   4      0      0   0.000E+00   5.000E-02
   3   5  -1   0   1      0      0   1.580E-01   7.000E-01
  F  1  7  0.  0.
   3   6  -1   0   1      0      0   2.297E-01   2.000E-01
  F  1  7  0.  0.
   3   7   0   0   4      0      0   0.000E+00   5.000E-02
   3   8   0   0   4      0      0   0.000E+00   5.000E-02
   3   9   0   0   4      0      0   0.000E+00   5.000E-02
   3  10   0   0   4      0      0   0.000E+00   5.000E-02
   3  11  -1   0   1      0      0   5.900E-03   2.000E-01
  F  1  7  0.  0.
   3  12  -1   0   1      0      0   1.340E-01   2.000E-01
  F  1  7  0.  0.
   3  13   0   0   4      0      0   0.000E+00   5.000E-02
   3  14   0   0   4      0      0   0.000E+00   5.000E-02
   3  15  -1   0   1      0      0   1.292E-01   2.000E-01
  F  1  7  0.  0.
   3  16   0   0   4      0      0   0.000E+00   5.000E-02
   3  17   0   0   4      0      0   0.000E+00   5.000E-02
   3  18  -1   0   1      0      0   8.754E-02   2.000E-01
  F  1  7  0.  0.
   4   5   0   0   4      0      0   0.000E+00   5.000E-02
   4   6   0   0   4      0      0   0.000E+00   5.000E-02
   4   7  -1   0   1      0      0   1.343E+00   2.000E-01
  F  1  7  0.  0.
   4   8   0   0   4      0      0   0.000E+00   5.000E-02
   4   9   0   0   4      0      0   0.000E+00   5.000E-02
   4  10   0   0   4      0      0   0.000E+00   5.000E-02
   4  11   0   0   4      0      0   0.000E+00   5.000E-02
   4  12   0   0   4      0      0   0.000E+00   5.000E-02
   4  13  -1   0   1      0      0   3.250E-02   2.000E-01
  F  1  7  0.  0.
   4  14   0   0   4      0      0   0.000E+00   5.000E-02
   4  15   0   0   4      0      0   0.000E+00   5.000E-02
   4  16  -1   0   1      0      0   4.733E-03   2.000E-01
  F  1  7  0.  0.
   4  17  -1   0   1      0      0   1.557E-03   2.000E-01
  F  1  7  0.  0.
   4  18   0   0   4      0      0   0.000E+00   5.000E-02
   5   6   0   0   4      0      0   0.000E+00   5.000E-02
   5   7   0   0   4      0      0   0.000E+00   5.000E-02
   5   8   0   0   4      0      0   0.000E+00   5.000E-02
   5   9  -1   0   1      0      0   1.280E+00   2.000E-01
  F  1  7  0.  0.
   5  10   0   0   4      0      0   0.000E+00   5.000E-02
   5  11   0   0   4      0      0   0.000E+00   5.000E-02
   5  12   0   0   4      0      0   0.000E+00   5.000E-02
   5  13   0   0   4      0      0   0.000E+00   5.000E-02
   5  14  -1   0   1      0      0   3.230E-02   2.000E-01
  F  1  7  0.  0.
   5  15  -1   0   1      0      0   1.770E-03   2.000E-01
  F  1  7  0.  0.
   5  16   0   0   4      0      0   0.000E+00   5.000E-02
   5  17   0   0   4      0      0   0.000E+00   5.000E-02
   5  18  -1   0   1      0      0   1.020E-04   2.000E-01
  F  1  7  0.  0.
   6   7   0   0   4      0      0   0.000E+00   5.000E-02
   6   8   0   0   4      0      0   0.000E+00   5.000E-02
   6   9  -1   0   1      0      0   1.448E-01   7.000E-01
  F  1  7  0.  0.
   6  10   0   0   4      0      0   0.000E+00   5.000E-02
   6  11   0   0   4      0      0   0.000E+00   5.000E-02
   6  12   0   0   4      0      0   0.000E+00   5.000E-02
   6  13   0   0   4      0      0   0.000E+00   5.000E-02
   6  14  -1   0   1      0      0   4.954E-01   2.000E-01
  F  1  7  0.  0.
   6  15  -1   0   1      0      0   1.465E-01   2.000E-01
  F  1  7  0.  0.
   6  16   0   0   4      0      0   0.000E+00   5.000E-02
   6  17   0   0   4      0      0   0.000E+00   5.000E-02
   6  18  -1   0   1      0      0   6.303E-02   2.000E-01
  F  1  7  0.  0.
   7   8   0   0   1      0      0   0.000E+00   7.000E-01
   7   9   0   0   4      0      0   0.000E+00   5.000E-02
   7  10  -1   0   1      0      0   2.778E-01   2.000E-01
  F  1  7  0.  0.
   7  11   0   0   4      0      0   0.000E+00   5.000E-02
   7  12   0   0   4      0      0   0.000E+00   5.000E-02
   7  13  -1   0   1      0      0   6.089E-01   2.000E-01
  F  1  7  0.  0.
   7  14   0   0   4      0      0   0.000E+00   5.000E-02
   7  15   0   0   4      0      0   0.000E+00   5.000E-02
   7  16  -1   0   1      0      0   1.569E-01   2.000E-01
  F  1  7  0.  0.
   7  17  -1   0   1      0      0   6.010E-02   2.000E-01
  F  1  7  0.  0.
   7  18   0   0   4      0      0   0.000E+00   5.000E-02
   8   9   0   0   4      0      0   0.000E+00   5.000E-02
   8  10   0   0   4      0      0   0.000E+00   5.000E-02
   8  11   0   0   4      0      0   0.000E+00   5.000E-02
   8  12   0   0   4      0      0   0.000E+00   5.000E-02
   8  13  -1   0   1      0      0   7.881E-01   2.000E-01
  F  1  7  0.  0.
   8  14   0   0   4      0      0   0.000E+00   5.000E-02
   8  15   0   0   4      0      0   0.000E+00   5.000E-02
   8  16  -1   0   1      0      0   1.676E-01   2.000E-01
  F  1  7  0.  0.
   8  17  -1   0   1      0      0   6.135E-02   2.000E-01
  F  1  7  0.  0.
   8  18   0   0   4      0      0   0.000E+00   5.000E-02
   9  10   0   0   4      0      0   0.000E+00   5.000E-02
   9  11  -1   0   1      0      0   3.050E-01   7.000E-01
  F  1  7  0.  0.
   9  12  -1   0   1      0      0   9.067E-01   2.000E-01
  F  1  7  0.  0.
   9  13   0   0   4      0      0   0.000E+00   5.000E-02
   9  14   0   0   4      0      0   0.000E+00   5.000E-02
   9  15  -1   0   1      0      0   1.814E-02   2.000E-01
  F  1  7  0.  0.
   9  16   0   0   4      0      0   0.000E+00   5.000E-02
   9  17   0   0   4      0      0   0.000E+00   5.000E-02
   9  18  -1   0   1      0      0   1.373E-02   2.000E-01
  F  1  7  0.  0.
  10  11   0   0   4      0      0   0.000E+00   5.000E-02
  10  12   0   0   4      0      0   0.000E+00   5.000E-02
  10  13  -1   0   1      0      0   1.700E+00   2.000E-01
  F  1  7  0.  0.
  10  14   0   0   4      0      0   0.000E+00   5.000E-02
  10  15   0   0   4      0      0   0.000E+00   5.000E-02
  10  16  -1   0   1      0      0   5.900E-02   2.000E-01
  F  1  7  0.  0.
  10  17  -1   0   1      0      0   1.297E-02   2.000E-01
  F  1  7  0.  0.
  10  18   0   0   4      0      0   0.000E+00   5.000E-02
  11  12   0   0   4      0      0   0.000E+00   5.000E-02
  11  13   0   0   4      0      0   0.000E+00   5.000E-02
  11  14  -1   0   1      0      0   1.690E+00   7.000E-01
  F  1  7  0.  0.
  11  15  -1   0   1      0      0   4.940E-02   2.000E-01
  F  1  7  0.  0.
  11  16   0   0   4      0      0   0.000E+00   5.000E-02
  11  17   0   0   4      0      0   0.000E+00   5.000E-02
  11  18  -1   0   1      0      0   8.460E-03   2.000E-01
  F  1  7  0.  0.
  12  13   0   0   4      0      0   0.000E+00   5.000E-02
  12  14  -1   0   1      0      0   9.380E-01   7.000E-01
  F  1  7  0.  0.
  12  15  -1   0   1      0      0   1.131E-01   2.000E-01
  F  1  7  0.  0.
  12  16   0   0   4      0      0   0.000E+00   5.000E-02
  12  17   0   0   4      0      0   0.000E+00   5.000E-02
  12  18  -1   0   1      0      0   6.042E-02   2.000E-01
  F  1  7  0.  0.
  13  14   0   0   4      0      0   0.000E+00   5.000E-02
  13  15   0   0   4      0      0   0.000E+00   5.000E-02
  13  16  -1   0   1      0      0   1.021E+00   2.000E-01
  F  1  7  0.  0.
  13  17  -1   0   1      0      0   1.831E-01   2.000E-01
  F  1  7  0.  0.
  13  18   0   0   4      0      0   0.000E+00   5.000E-02
  14  15  -1   0   1      0      0   1.511E+00   2.000E-01
  F  1  7  0.  0.
  14  16   0   0   4      0      0   0.000E+00   5.000E-02
  14  17   0   0   4      0      0   0.000E+00   5.000E-02
  14  18  -1   0   1      0      0   1.544E-01   2.000E-01
  F  1  7  0.  0.
  15  16   0   0   4      0      0   0.000E+00   5.000E-02
  15  17   0   0   4      0      0   0.000E+00   5.000E-02
  15  18  -1   0   1      0      0   1.245E+00   2.000E-01
  F  1  7  0.  0.
  16  17  -1   0   1      0      0   1.155E+00   2.000E-01
  F  1  7  0.  0.
  16  18   0   0   4      0      0   0.000E+00   5.000E-02
  17  18   0   0   4      0      0   0.000E+00   5.000E-02
