****** Levels
 1.96653386E+15      9.    3  'Si I 3Pe 1'  0   0.  0
 1.78219118E+15      5.    3  'Si I 1De 1'  0   0.  0
 1.50951793E+15      1.    3  'Si I 1Se 1'  0   0.  0
 9.71951770E+14      5.    4  'Si I 5So 1'  0   0.  -104
 7.76075089E+14      9.    4  'Si I 3Po 1'  0   0.  -104
 7.42141022E+14      3.    4  'Si I 1Po 1'  0   0.  -104
 6.12888880E+14     15.    4  'Si I 3Do 1'  0   0.  -104
 5.53508441E+14      3.    4  'Si I 1Pe 1'  0   0.  -104
 5.49840304E+14      5.    4  'Si I 1Do 1'  0   0.  -104
 5.27206665E+14     15.    4  'Si I 3De 1'  0   0.  -104
 4.98227044E+14      9.    5  'Si I 3Pe 2'  0   0.  -105
 4.90084860E+14      3.    5  'Si I 3Se 1'  0   0.  -105
 4.73112861E+14     21.    5  'Si I 3Fo 1'  0   0.  -105
 4.66411571E+14      5.    5  'Si I 1De 2'  0   0.  -105
 4.56098113E+14      9.    5  'Si I 3Po 2'  0   0.  -105
 4.23762915E+14      1.    5  'Si I 1Se 2'  0   0.  -105
 3.62306966E+14     13.    5  'Si I+1_o 1'  0   0.  -105
 3.43206340E+14     24.    5  'Si I+3_o 2'  0   0.  -105
 2.27903548E+14    144.    6  'Si I+3__ 4'  0   0.  -106
 2.24404055E+14     48.    6  'Si I+1__ 3'  0   0.  -106
 1.38320512E+14    222.    7  'Si I+3__ 6'  0   0.  -106
 1.37363875E+14     78.    7  'Si I+___ 5'  0   0.  -106
****** Continuum transitions
   1  23   1    107      0      0      0   6.916E-18   0.000E+00
  -0.003   0.049   0.141   0.149   0.256   0.375   1.041
   1.845   1.761   1.239   1.535   0.951   0.148  -1.824
   2  23   1    108      0      0      0   3.537E-18   0.000E+00
  -0.001   0.064   0.121   0.206   0.223   0.253   0.400   1.060
   1.548   1.653   1.961   1.169   1.327   1.090   0.350  -1.639
   3  23   1    108      0      0      0   2.138E-18   0.000E+00
  -0.003   0.059   0.101   0.149   0.241   0.311   0.440   1.105
   1.345   1.055   0.201   2.102   1.495   1.178   0.500  -1.489
   4  23   1    104      0      0      0   6.792E-17   0.000E+00
   0.360   0.478   0.575   1.058
   1.731   1.371   0.923  -0.519
   5  23   1    112      0      0      0   4.349E-20   0.000E+00
  -0.002   0.077   0.194   0.222   0.254   0.404   0.450   0.489   0.511   0.532
   0.632   1.315
  -0.352  -0.764  -0.363   0.461  -0.342   0.356   1.771   0.842   1.634   0.979
   0.757  -1.324
   6  23   1    112      0      0      0   2.945E-19   0.000E+00
  -0.002   0.130   0.262   0.333   0.358   0.386   0.415   0.511   0.528   0.557
   0.646   1.326
   0.474   0.148   0.025   0.456   1.847   0.588   0.579   1.178   2.261   1.107
   0.667  -1.401
   7  23   1    111      0      0      0   1.574E-18   0.000E+00
  -0.000   0.248   0.280   0.307   0.432   0.472   0.480   0.574   0.630   0.713
   1.399
   1.197   0.923   1.408   0.764   0.447   0.637   1.440   1.694   1.651   1.113
  -0.947
   8  23   1    114      0      0      0   1.220E-18   0.000E+00
   0.002   0.201   0.351   0.489   0.543   0.553   0.589   0.600   0.614   0.649
   0.674   0.706   0.738   1.425
   1.081   0.474   0.711   0.430   0.870   0.042  -0.327   1.019   2.084   1.099
   1.776   0.667   0.967  -1.120
   9  23   1    110      0      0      0   3.842E-18   0.000E+00
   0.002   0.393   0.425   0.507   0.514   0.596   0.603   0.699   0.706   1.432
   1.581   0.789   1.401  -0.215   1.127   0.937   1.761   1.697   1.116  -1.070
  10  23   1    107      0      0      0   1.977E-18   0.000E+00
   0.005   0.183   0.568   0.628   0.731   0.753   1.436
   1.283   0.861  -0.319   1.750   0.623   1.028  -1.049
  11  23   1    110      0      0      0   1.524E-18   0.000E+00
  -0.005   0.155   0.279   0.393   0.518   0.621   0.667   0.689   0.774   1.447
   1.187   1.081   0.773   0.350  -0.275   0.491   2.067   0.949   0.834  -1.181
  12  23   1    113      0      0      0   7.028E-19   0.000E+00
  -0.002   0.044   0.123   0.233   0.397   0.422   0.525   0.550   0.578   0.632
   0.667   0.696   1.482
   0.842   0.979   1.021   0.873   0.155   0.482  -0.088   1.000  -0.056  -0.373
   2.130   1.264  -1.102
  13  23   1    110      0      0      0   4.287E-18   0.000E+00
  -0.005   0.222   0.425   0.539   0.553   0.625   0.649   0.738   0.749   1.475
   1.644   1.127   0.525  -0.627   0.694   0.356   1.032   1.813   1.137  -1.028
  14  23   1    111      0      0      0   1.623E-18   0.000E+00
  -0.002   0.212   0.326   0.418   0.525   0.575   0.646   0.735   0.774   0.806
   1.475
   1.213   0.905   0.694   0.315   0.086  -0.275   0.139   2.164   0.570   0.685
  -1.296
  15  23   1    105      0      0      0   3.338E-18   0.000E+00
   0.003   0.545   0.728   0.817   1.502
   1.518   0.303   1.984   1.104  -0.938
  16  23   1    115      0      0      0   2.067E-18   0.000E+00
  -0.005   0.165   0.276   0.340   0.397   0.578   0.635   0.639   0.678   0.692
   0.742   0.756   0.802   0.867   1.489
   1.327   0.940   0.447  -0.653   0.588  -0.151  -0.997  -0.151  -0.600   1.046
   0.412   1.759   0.729   0.544  -1.349
  17  23   1    108      0      0      0   3.858E-19   0.000E+00
  -0.011   0.452   0.541   0.737   0.799   0.866   0.883   1.586
   0.623  -0.972  -0.306  -0.338   1.225   0.930   0.084  -2.049
  18  23   1    110      0      0      0   3.380E-20   0.000E+00
  -0.011   0.141   0.238   0.350   0.403   0.456   0.763   0.852   0.937   1.609
  -0.423  -1.109  -1.299  -1.109  -0.391  -1.342  -0.549   0.951  -0.528  -2.556
  19  23   1    109      0      0      0   1.114E-19   0.000E+00
   0.003   0.501   0.781   0.915   0.937   0.990   1.026   1.079   1.755
   0.042  -0.813  -1.479  -1.173  -0.465  -0.507   1.003  -0.824  -2.852
  20  23   1    110      0      0      0   3.928E-19   0.000E+00
   0.003   0.056   0.532   0.679   0.923   0.941   0.990   1.026   1.093   1.733
   0.592   0.539  -0.623  -0.697  -0.993   0.602  -0.211   1.500  -0.475  -2.408
  21  23   1    106      0      0      0   1.402E-19   0.000E+00
   0.003   0.977   1.208   1.253   1.302   1.969
   0.141  -2.065  -1.141   0.289  -1.313  -3.261
  22  23   1    107      0      0      0   5.434E-19   0.000E+00
  -0.002   0.692   1.115   1.204   1.248   1.306   1.907
   0.739  -0.930  -1.542  -0.687   0.993  -0.813  -2.599
*** Line transitions
   1   2   0   0   4      0      0   0.000E+00   5.000E-02
   1   3   0   0   4      0      0   0.000E+00   5.000E-02
   1   4   0   0   4      0      0   0.000E+00   5.000E-02
   1   5  -1   0   1      0      0   2.367E-01   2.000E-01
  F  1  7  0.  0.
   1   6   0   0   4      0      0   0.000E+00   5.000E-02
   1   7  -1   0   1      0      0   5.100E-02   2.000E-01
  F  1  7  0.  0.
   1   8   0   0   4      0      0   0.000E+00   5.000E-02
   1   9   0   0   4      0      0   0.000E+00   5.000E-02
   1  10   0   0   4      0      0   0.000E+00   5.000E-02
   1  11   0   0   4      0      0   0.000E+00   5.000E-02
   1  12   0   0   4      0      0   0.000E+00   5.000E-02
   1  13   0   0   4      0      0   0.000E+00   5.000E-02
   1  14   0   0   4      0      0   0.000E+00   5.000E-02
   1  15  -1   0   1      0      0   5.333E-02   2.000E-01
  F  1  7  0.  0.
   1  16   0   0   4      0      0   0.000E+00   5.000E-02
   1  17   0   0   4      0      0   0.000E+00   5.000E-02
   1  18  -1   0   1      0      0   2.992E-01   2.000E-01
  F  1  7  0.  0.
   1  19  -1   0   1      0      0   1.791E-01   2.000E-01
  F  1  7  0.  0.
   1  20   0   0   4      0      0   0.000E+00   5.000E-02
   1  21  -1   0   1      0      0   1.270E-01   2.000E-01
  F  1  7  0.  0.
   1  22   0   0   4      0      0   0.000E+00   5.000E-02
   2   3   0   0   4      0      0   0.000E+00   5.000E-02
   2   4   0   0   4      0      0   0.000E+00   5.000E-02
   2   5   0   0   4      0      0   0.000E+00   5.000E-02
   2   6  -1   0   1      0      0   1.950E-01   2.000E-01
  F  1  7  0.  0.
   2   7   0   0   4      0      0   0.000E+00   5.000E-02
   2   8   0   0   4      0      0   0.000E+00   5.000E-02
   2   9  -1   0   1      0      0   4.060E-02   2.000E-01
  F  1  7  0.  0.
   2  10   0   0   4      0      0   0.000E+00   5.000E-02
   2  11   0   0   4      0      0   0.000E+00   5.000E-02
   2  12   0   0   4      0      0   0.000E+00   5.000E-02
   2  13   0   0   4      0      0   0.000E+00   5.000E-02
   2  14   0   0   4      0      0   0.000E+00   5.000E-02
   2  15   0   0   4      0      0   0.000E+00   5.000E-02
   2  16   0   0   4      0      0   0.000E+00   5.000E-02
   2  17  -1   0   1      0      0   3.932E-01   2.000E-01
  F  1  7  0.  0.
   2  18   0   0   4      0      0   0.000E+00   5.000E-02
   2  19   0   0   4      0      0   0.000E+00   5.000E-02
   2  20  -1   0   1      0      0   1.376E-01   2.000E-01
  F  1  7  0.  0.
   2  21   0   0   4      0      0   0.000E+00   5.000E-02
   2  22  -1   0   1      0      0   7.016E-02   2.000E-01
  F  1  7  0.  0.
   3   4   0   0   4      0      0   0.000E+00   5.000E-02
   3   5   0   0   4      0      0   0.000E+00   5.000E-02
   3   6  -1   0   1      0      0   1.010E-01   2.000E-01
  F  1  7  0.  0.
   3   7   0   0   4      0      0   0.000E+00   5.000E-02
   3   8   0   0   4      0      0   0.000E+00   5.000E-02
   3   9   0   0   4      0      0   0.000E+00   5.000E-02
   3  10   0   0   4      0      0   0.000E+00   5.000E-02
   3  11   0   0   4      0      0   0.000E+00   5.000E-02
   3  12   0   0   4      0      0   0.000E+00   5.000E-02
   3  13   0   0   4      0      0   0.000E+00   5.000E-02
   3  14   0   0   4      0      0   0.000E+00   5.000E-02
   3  15   0   0   4      0      0   0.000E+00   5.000E-02
   3  16   0   0   4      0      0   0.000E+00   5.000E-02
   3  17  -1   0   1      0      0   4.641E-01   2.000E-01
  F  1  7  0.  0.
   3  18   0   0   4      0      0   0.000E+00   5.000E-02
   3  19   0   0   4      0      0   0.000E+00   5.000E-02
   3  20  -1   0   1      0      0   1.422E-01   2.000E-01
  F  1  7  0.  0.
   3  21   0   0   4      0      0   0.000E+00   5.000E-02
   3  22  -1   0   1      0      0   6.400E-02   2.000E-01
  F  1  7  0.  0.
   4   5   0   0   4      0      0   0.000E+00   5.000E-02
   4   6   0   0   4      0      0   0.000E+00   5.000E-02
   4   7   0   0   4      0      0   0.000E+00   5.000E-02
   4   8   0   0   4      0      0   0.000E+00   5.000E-02
   4   9   0   0   4      0      0   0.000E+00   5.000E-02
   4  10   0   0   4      0      0   0.000E+00   5.000E-02
   4  11   0   0   4      0      0   0.000E+00   5.000E-02
   4  12   0   0   4      0      0   0.000E+00   5.000E-02
   4  13   0   0   4      0      0   0.000E+00   5.000E-02
   4  14   0   0   4      0      0   0.000E+00   5.000E-02
   4  15   0   0   4      0      0   0.000E+00   5.000E-02
   4  16   0   0   4      0      0   0.000E+00   5.000E-02
   4  17   0   0   4      0      0   0.000E+00   5.000E-02
   4  18   0   0   4      0      0   0.000E+00   5.000E-02
   4  19   0   0   4      0      0   0.000E+00   5.000E-02
   4  20   0   0   4      0      0   0.000E+00   5.000E-02
   4  21   0   0   4      0      0   0.000E+00   5.000E-02
   4  22   0   0   4      0      0   0.000E+00   5.000E-02
   5   6   0   0   4      0      0   0.000E+00   5.000E-02
   5   7   0   0   4      0      0   0.000E+00   5.000E-02
   5   8   0   0   4      0      0   0.000E+00   5.000E-02
   5   9   0   0   4      0      0   0.000E+00   5.000E-02
   5  10  -1   0   1      0      0   6.222E-01   7.000E-01
  F  1  7  0.  0.
   5  11  -1   0   1      0      0   4.356E-01   2.000E-01
  F  1  7  0.  0.
   5  12  -1   0   1      0      0   1.211E-01   2.000E-01
  F  1  7  0.  0.
   5  13   0   0   4      0      0   0.000E+00   5.000E-02
   5  14   0   0   4      0      0   0.000E+00   5.000E-02
   5  15   0   0   4      0      0   0.000E+00   5.000E-02
   5  16   0   0   4      0      0   0.000E+00   5.000E-02
   5  17   0   0   4      0      0   0.000E+00   5.000E-02
   5  18   0   0   4      0      0   0.000E+00   5.000E-02
   5  19  -1   0   1      0      0   2.267E-02   2.000E-01
  F  1  7  0.  0.
   5  20   0   0   4      0      0   0.000E+00   5.000E-02
   5  21  -1   0   1      0      0   3.365E-03   2.000E-01
  F  1  7  0.  0.
   5  22  -1   0   1      0      0   6.600E-04   2.000E-01
  F  1  7  0.  0.
   6   7   0   0   4      0      0   0.000E+00   5.000E-02
   6   8  -1   0   1      0      0   3.600E-01   7.000E-01
  F  1  7  0.  0.
   6   9   0   0   4      0      0   0.000E+00   5.000E-02
   6  10   0   0   4      0      0   0.000E+00   5.000E-02
   6  11   0   0   4      0      0   0.000E+00   5.000E-02
   6  12   0   0   4      0      0   0.000E+00   5.000E-02
   6  13   0   0   4      0      0   0.000E+00   5.000E-02
   6  14  -1   0   1      0      0   6.800E-01   2.000E-01
  F  1  7  0.  0.
   6  15   0   0   4      0      0   0.000E+00   5.000E-02
   6  16  -1   0   1      0      0   9.633E-02   2.000E-01
  F  1  7  0.  0.
   6  17   0   0   4      0      0   0.000E+00   5.000E-02
   6  18   0   0   4      0      0   0.000E+00   5.000E-02
   6  19   0   0   4      0      0   0.000E+00   5.000E-02
   6  20  -1   0   1      0      0   4.654E-02   2.000E-01
  F  1  7  0.  0.
   6  21   0   0   4      0      0   0.000E+00   5.000E-02
   6  22  -1   0   1      0      0   1.334E-02   2.000E-01
  F  1  7  0.  0.
   7   8   0   0   4      0      0   0.000E+00   5.000E-02
   7   9   0   0   4      0      0   0.000E+00   5.000E-02
   7  10  -1   0   1      0      0   1.407E-02   7.000E-01
  F  1  7  0.  0.
   7  11  -1   0   1      0      0   4.713E-02   7.000E-01
  F  1  7  0.  0.
   7  12   0   0   4      0      0   0.000E+00   5.000E-02
   7  13   0   0   4      0      0   0.000E+00   5.000E-02
   7  14   0   0   4      0      0   0.000E+00   5.000E-02
   7  15   0   0   4      0      0   0.000E+00   5.000E-02
   7  16   0   0   4      0      0   0.000E+00   5.000E-02
   7  17   0   0   4      0      0   0.000E+00   5.000E-02
   7  18   0   0   4      0      0   0.000E+00   5.000E-02
   7  19  -1   0   1      0      0   9.092E-02   2.000E-01
  F  1  7  0.  0.
   7  20   0   0   4      0      0   0.000E+00   5.000E-02
   7  21  -1   0   1      0      0   4.125E-02   2.000E-01
  F  1  7  0.  0.
   7  22   0   0   4      0      0   0.000E+00   5.000E-02
   8   9   0   0   4      0      0   0.000E+00   5.000E-02
   8  10   0   0   4      0      0   0.000E+00   5.000E-02
   8  11   0   0   4      0      0   0.000E+00   5.000E-02
   8  12   0   0   4      0      0   0.000E+00   5.000E-02
   8  13   0   0   4      0      0   0.000E+00   5.000E-02
   8  14   0   0   4      0      0   0.000E+00   5.000E-02
   8  15   0   0   4      0      0   0.000E+00   5.000E-02
   8  16   0   0   4      0      0   0.000E+00   5.000E-02
   8  17  -1   0   1      0      0   3.593E-01   2.000E-01
  F  1  7  0.  0.
   8  18   0   0   4      0      0   0.000E+00   5.000E-02
   8  19   0   0   4      0      0   0.000E+00   5.000E-02
   8  20  -1   0   1      0      0   5.694E-01   2.000E-01
  F  1  7  0.  0.
   8  21   0   0   4      0      0   0.000E+00   5.000E-02
   8  22  -1   0   1      0      0   1.013E-01   2.000E-01
  F  1  7  0.  0.
   9  10   0   0   4      0      0   0.000E+00   5.000E-02
   9  11   0   0   4      0      0   0.000E+00   5.000E-02
   9  12   0   0   4      0      0   0.000E+00   5.000E-02
   9  13   0   0   4      0      0   0.000E+00   5.000E-02
   9  14  -1   0   1      0      0   3.700E-02   7.000E-01
  F  1  7  0.  0.
   9  15   0   0   4      0      0   0.000E+00   5.000E-02
   9  16   0   0   4      0      0   0.000E+00   5.000E-02
   9  17   0   0   4      0      0   0.000E+00   5.000E-02
   9  18   0   0   4      0      0   0.000E+00   5.000E-02
   9  19   0   0   4      0      0   0.000E+00   5.000E-02
   9  20  -1   0   1      0      0   2.754E-01   2.000E-01
  F  1  7  0.  0.
   9  21   0   0   4      0      0   0.000E+00   5.000E-02
   9  22  -1   0   1      0      0   1.107E-01   2.000E-01
  F  1  7  0.  0.
  10  11   0   0   4      0      0   0.000E+00   5.000E-02
  10  12   0   0   4      0      0   0.000E+00   5.000E-02
  10  13  -1   0   1      0      0   7.400E-02   7.000E-01
  F  1  7  0.  0.
  10  14   0   0   4      0      0   0.000E+00   5.000E-02
  10  15  -1   0   1      0      0   8.600E-04   7.000E-01
  F  1  7  0.  0.
  10  16   0   0   4      0      0   0.000E+00   5.000E-02
  10  17   0   0   4      0      0   0.000E+00   5.000E-02
  10  18  -1   0   1      0      0   3.380E-01   2.000E-01
  F  1  7  0.  0.
  10  19  -1   0   1      0      0   4.261E-01   2.000E-01
  F  1  7  0.  0.
  10  20   0   0   4      0      0   0.000E+00   5.000E-02
  10  21  -1   0   1      0      0   1.070E-01   2.000E-01
  F  1  7  0.  0.
  10  22   0   0   4      0      0   0.000E+00   5.000E-02
  11  12   0   0   4      0      0   0.000E+00   5.000E-02
  11  13   0   0   4      0      0   0.000E+00   5.000E-02
  11  14   0   0   4      0      0   0.000E+00   5.000E-02
  11  15  -1   0   1      0      0   4.533E-03   7.000E-01
  F  1  7  0.  0.
  11  16   0   0   4      0      0   0.000E+00   5.000E-02
  11  17   0   0   4      0      0   0.000E+00   5.000E-02
  11  18  -1   0   1      0      0   7.789E-01   2.000E-01
  F  1  7  0.  0.
  11  19  -1   0   1      0      0   2.272E-01   2.000E-01
  F  1  7  0.  0.
  11  20   0   0   4      0      0   0.000E+00   5.000E-02
  11  21  -1   0   1      0      0   3.890E-02   2.000E-01
  F  1  7  0.  0.
  11  22   0   0   4      0      0   0.000E+00   5.000E-02
  12  13   0   0   4      0      0   0.000E+00   5.000E-02
  12  14   0   0   4      0      0   0.000E+00   5.000E-02
  12  15  -1   0   1      0      0   2.510E-02   7.000E-01
  F  1  7  0.  0.
  12  16   0   0   4      0      0   0.000E+00   5.000E-02
  12  17   0   0   4      0      0   0.000E+00   5.000E-02
  12  18  -1   0   1      0      0   2.203E-01   2.000E-01
  F  1  7  0.  0.
  12  19  -1   0   1      0      0   7.542E-01   2.000E-01
  F  1  7  0.  0.
  12  20   0   0   4      0      0   0.000E+00   5.000E-02
  12  21  -1   0   1      0      0   3.940E-02   2.000E-01
  F  1  7  0.  0.
  12  22   0   0   4      0      0   0.000E+00   5.000E-02
  13  14   0   0   4      0      0   0.000E+00   5.000E-02
  13  15   0   0   4      0      0   0.000E+00   5.000E-02
  13  16   0   0   4      0      0   0.000E+00   5.000E-02
  13  17   0   0   4      0      0   0.000E+00   5.000E-02
  13  18   0   0   4      0      0   0.000E+00   5.000E-02
  13  19  -1   0   1      0      0   4.550E-01   2.000E-01
  F  1  7  0.  0.
  13  20   0   0   4      0      0   0.000E+00   5.000E-02
  13  21  -1   0   1      0      0   1.522E-01   2.000E-01
  F  1  7  0.  0.
  13  22   0   0   4      0      0   0.000E+00   5.000E-02
  14  15   0   0   4      0      0   0.000E+00   5.000E-02
  14  16   0   0   4      0      0   0.000E+00   5.000E-02
  14  17  -1   0   1      0      0   6.144E-01   7.000E-01
  F  1  7  0.  0.
  14  18   0   0   4      0      0   0.000E+00   5.000E-02
  14  19   0   0   4      0      0   0.000E+00   5.000E-02
  14  20  -1   0   1      0      0   3.034E-01   2.000E-01
  F  1  7  0.  0.
  14  21   0   0   4      0      0   0.000E+00   5.000E-02
  14  22  -1   0   1      0      0   6.731E-02   2.000E-01
  F  1  7  0.  0.
  15  16   0   0   4      0      0   0.000E+00   5.000E-02
  15  17   0   0   4      0      0   0.000E+00   5.000E-02
  15  18   0   0   4      0      0   0.000E+00   5.000E-02
  15  19  -1   0   1      0      0   3.528E-01   2.000E-01
  F  1  7  0.  0.
  15  20   0   0   4      0      0   0.000E+00   5.000E-02
  15  21  -1   0   1      0      0   1.173E-01   2.000E-01
  F  1  7  0.  0.
  15  22  -1   0   1      0      0   4.778E-04   2.000E-01
  F  1  7  0.  0.
  16  17  -1   0   1      0      0   3.153E-01   7.000E-01
  F  1  7  0.  0.
  16  18   0   0   4      0      0   0.000E+00   5.000E-02
  16  19   0   0   4      0      0   0.000E+00   5.000E-02
  16  20  -1   0   1      0      0   3.844E-01   2.000E-01
  F  1  7  0.  0.
  16  21   0   0   4      0      0   0.000E+00   5.000E-02
  16  22  -1   0   1      0      0   1.127E-01   2.000E-01
  F  1  7  0.  0.
  17  18   0   0   4      0      0   0.000E+00   5.000E-02
  17  19   0   0   4      0      0   0.000E+00   5.000E-02
  17  20  -1   0   1      0      0   1.137E+00   2.000E-01
  F  1  7  0.  0.
  17  21   0   0   4      0      0   0.000E+00   5.000E-02
  17  22  -1   0   1      0      0   1.490E-01   2.000E-01
  F  1  7  0.  0.
  18  19  -1   0   1      0      0   1.315E+00   2.000E-01
  F  1  7  0.  0.
  18  20   0   0   4      0      0   0.000E+00   5.000E-02
  18  21  -1   0   1      0      0   8.530E-02   2.000E-01
  F  1  7  0.  0.
  18  22  -1   0   1      0      0   2.525E-03   2.000E-01
  F  1  7  0.  0.
  19  20   0   0   4      0      0   0.000E+00   5.000E-02
  19  21  -1   0   1      0      0   9.693E-01   2.000E-01
  F  1  7  0.  0.
  19  22  -1   0   1      0      0   1.453E-02   2.000E-01
  F  1  7  0.  0.
  20  21   0   0   4      0      0   0.000E+00   5.000E-02
  20  22  -1   0   1      0      0   1.005E+00   2.000E-01
  F  1  7  0.  0.
  21  22  -1   0   1      0      0   1.725E-02   7.000E-01
  F  1  7  0.  0.
